# NLOPS_y_0.0
R central min max
0.03 1.76709e-06 0 0
0.05 2.4114e-06 0 0
0.1 3.32037e-06 0 0
0.2 4.36663e-06 0 0
0.4 5.5515e-06 0 0
0.6 6.39947e-06 0 0
1.0 7.46531e-06 0 0


# NLOPS_py6_y_0.0
R central min max
0.03 1.64276e-06 0 0
0.05 1.81978e-06 0 0
0.1 1.71739e-06 0 0
0.2 2.24754e-06 0 0
0.4 3.93311e-06 0 0
0.6 5.17162e-06 0 0
1.0 6.51383e-06 0 0


# NLOPS_hw6_y_0.0
R central min max
0.03 1.4176e-06 0 0
0.05 1.73753e-06 0 0
0.1 2.68073e-06 0 0
0.2 3.39027e-06 0 0
0.4 3.88334e-06 0 0
0.6 4.61951e-06 0 0
1.0 5.6367e-06 0 0


# NLOPS_noISR_y_0.0
R central min max
0.03 1.75855e-06 0 0
0.05 2.15108e-06 0 0
0.1 2.91867e-06 0 0
0.2 3.84824e-06 0 0
0.4 4.71983e-06 0 0
0.6 5.37334e-06 0 0
1.0 6.74029e-06 0 0


# NLO_y_0.0
R central min max
0.1 2.91867e-06 0 0
0.2 3.84824e-06 0 0
0.3 4.54277e-06 0 0
0.4 4.71983e-06 0 0
0.5 5.19892e-06 0 0
0.6 5.37334e-06 0 0
0.7 5.85638e-06 0 0
0.8 6.03758e-06 0 0
0.9 6.434e-06 0 0
1.0 6.74029e-06 0 0


# LOPS_y_0.0
R central min max
0.03 0 0 0
0.05 0 0 0
0.1 0 0 0
0.2 0 0 0
0.4 0 0 0
0.6 0 0 0
1.0 0 0 0


# NLOPS_y_0.5
R central min max
0.03 4.30888e-06 0 0
0.05 5.96014e-06 0 0
0.1 8.32312e-06 0 0
0.2 1.05259e-05 0 0
0.4 1.32552e-05 0 0
0.6 1.5042e-05 0 0
1.0 1.81775e-05 0 0


# NLOPS_py6_y_0.5
R central min max
0.03 4.35479e-06 0 0
0.05 6.61637e-06 0 0
0.1 8.62133e-06 0 0
0.2 1.12566e-05 0 0
0.4 1.32829e-05 0 0
0.6 1.57982e-05 0 0
1.0 1.74283e-05 0 0


# NLOPS_hw6_y_0.5
R central min max
0.03 4.01124e-06 0 0
0.05 4.97222e-06 0 0
0.1 6.89061e-06 0 0
0.2 9.1942e-06 0 0
0.4 1.07686e-05 0 0
0.6 1.22232e-05 0 0
1.0 1.45342e-05 0 0


# NLOPS_noISR_y_0.5
R central min max
0.03 4.14457e-06 0 0
0.05 5.68605e-06 0 0
0.1 7.94475e-06 0 0
0.2 1.00854e-05 0 0
0.4 1.26049e-05 0 0
0.6 1.44157e-05 0 0
1.0 1.66063e-05 0 0


# NLO_y_0.5
R central min max
0.1 7.94475e-06 0 0
0.2 1.00854e-05 0 0
0.3 1.10964e-05 0 0
0.4 1.26049e-05 0 0
0.5 1.35713e-05 0 0
0.6 1.44157e-05 0 0
0.7 1.50284e-05 0 0
0.8 1.56043e-05 0 0
0.9 1.60449e-05 0 0
1.0 1.66063e-05 0 0


# LOPS_y_0.5
R central min max
0.03 0 0 0
0.05 0 0 0
0.1 0 0 0
0.2 0 0 0
0.4 0 0 0
0.6 0 0 0
1.0 0 0 0


# NLOPS_y_1.0
R central min max
0.03 1.00671e-05 0 0
0.05 1.32463e-05 0 0
0.1 1.75788e-05 0 0
0.2 2.43803e-05 0 0
0.4 3.14581e-05 0 0
0.6 3.62871e-05 0 0
1.0 4.24506e-05 0 0


# NLOPS_py6_y_1.0
R central min max
0.03 6.80172e-06 0 0
0.05 1.06931e-05 0 0
0.1 1.73854e-05 0 0
0.2 2.51044e-05 0 0
0.4 3.31395e-05 0 0
0.6 3.72583e-05 0 0
1.0 4.3721e-05 0 0


# NLOPS_hw6_y_1.0
R central min max
0.03 8.64518e-06 0 0
0.05 1.13565e-05 0 0
0.1 1.5597e-05 0 0
0.2 2.12835e-05 0 0
0.4 2.73159e-05 0 0
0.6 3.19869e-05 0 0
1.0 3.67891e-05 0 0


# NLOPS_noISR_y_1.0
R central min max
0.03 9.98485e-06 0 0
0.05 1.27964e-05 0 0
0.1 1.69686e-05 0 0
0.2 2.37575e-05 0 0
0.4 3.03101e-05 0 0
0.6 3.47691e-05 0 0
1.0 3.90239e-05 0 0


# NLO_y_1.0
R central min max
0.1 1.69686e-05 0 0
0.2 2.37575e-05 0 0
0.3 2.7556e-05 0 0
0.4 3.03101e-05 0 0
0.5 3.26569e-05 0 0
0.6 3.47691e-05 0 0
0.7 3.62425e-05 0 0
0.8 3.78776e-05 0 0
0.9 3.84527e-05 0 0
1.0 3.90239e-05 0 0


# LOPS_y_1.0
R central min max
0.03 0 0 0
0.05 0 0 0
0.1 0 0 0
0.2 0 0 0
0.4 0 0 0
0.6 0 0 0
1.0 0 0 0


# NLOPS_y_1.5
R central min max
0.03 8.00785e-07 0 0
0.05 1.28889e-06 0 0
0.1 1.62058e-06 0 0
0.2 2.0369e-06 0 0
0.4 3.39103e-06 0 0
0.6 3.74774e-06 0 0
1.0 5.31554e-06 0 0


# NLOPS_py6_y_1.5
R central min max
0.03 1.74414e-06 0 0
0.05 2.26786e-06 0 0
0.1 2.04475e-06 0 0
0.2 2.69926e-06 0 0
0.4 3.8423e-06 0 0
0.6 3.20002e-06 0 0
1.0 3.04351e-06 0 0


# NLOPS_hw6_y_1.5
R central min max
0.03 6.54605e-07 0 0
0.05 8.85072e-07 0 0
0.1 1.41998e-06 0 0
0.2 1.87034e-06 0 0
0.4 2.29058e-06 0 0
0.6 2.80522e-06 0 0
1.0 3.52194e-06 0 0


# NLOPS_noISR_y_1.5
R central min max
0.03 3.33457e-07 0 0
0.05 6.84048e-07 0 0
0.1 1.52251e-06 0 0
0.2 1.99886e-06 0 0
0.4 2.78423e-06 0 0
0.6 3.32603e-06 0 0
1.0 4.12634e-06 0 0


# NLO_y_1.5
R central min max
0.1 1.52251e-06 0 0
0.2 1.99886e-06 0 0
0.3 2.5611e-06 0 0
0.4 2.78423e-06 0 0
0.5 2.96326e-06 0 0
0.6 3.32603e-06 0 0
0.7 3.67581e-06 0 0
0.8 3.81818e-06 0 0
0.9 3.76289e-06 0 0
1.0 4.12634e-06 0 0


# LOPS_y_1.5
R central min max
0.03 0 0 0
0.05 0 0 0
0.1 0 0 0
0.2 0 0 0
0.4 0 0 0
0.6 0 0 0
1.0 0 0 0


# NLOPS_y_2.0
R central min max
0.03 7.07213e-07 0 0
0.05 1.27249e-06 0 0
0.1 1.70984e-06 0 0
0.2 1.81768e-06 0 0
0.4 2.81258e-06 0 0
0.6 3.30176e-06 0 0
1.0 4.24578e-06 0 0


# NLOPS_py6_y_2.0
R central min max
0.03 2.70589e-06 0 0
0.05 2.70589e-06 0 0
0.1 2.82549e-06 0 0
0.2 3.87275e-06 0 0
0.4 4.39668e-06 0 0
0.6 4.59708e-06 0 0
1.0 4.69113e-06 0 0


# NLOPS_hw6_y_2.0
R central min max
0.03 9.1983e-07 0 0
0.05 1.28782e-06 0 0
0.1 1.40787e-06 0 0
0.2 1.68717e-06 0 0
0.4 2.3888e-06 0 0
0.6 3.11054e-06 0 0
1.0 3.81243e-06 0 0


# NLOPS_noISR_y_2.0
R central min max
0.03 1.0125e-06 0 0
0.05 1.2311e-06 0 0
0.1 1.96505e-06 0 0
0.2 2.09247e-06 0 0
0.4 3.09157e-06 0 0
0.6 3.49751e-06 0 0
1.0 4.28115e-06 0 0


# NLO_y_2.0
R central min max
0.1 1.96505e-06 0 0
0.2 2.09247e-06 0 0
0.3 2.48173e-06 0 0
0.4 3.09157e-06 0 0
0.5 3.36558e-06 0 0
0.6 3.49751e-06 0 0
0.7 3.62429e-06 0 0
0.8 3.75621e-06 0 0
0.9 4.16085e-06 0 0
1.0 4.28115e-06 0 0


# LOPS_y_2.0
R central min max
0.03 0 0 0
0.05 0 0 0
0.1 0 0 0
0.2 0 0 0
0.4 0 0 0
0.6 0 0 0
1.0 0 0 0


# NLOPS_y_2.5
R central min max
0.03 1.85673e-05 0 0
0.05 2.82656e-05 0 0
0.1 5.13548e-05 0 0
0.2 7.64201e-05 0 0
0.4 0.000101516 0 0
0.6 0.000122825 0 0
1.0 0.000144408 0 0


# NLOPS_py6_y_2.5
R central min max
0.03 1.66495e-05 0 0
0.05 1.74505e-05 0 0
0.1 3.15112e-05 0 0
0.2 4.46277e-05 0 0
0.4 8.61898e-05 0 0
0.6 9.17566e-05 0 0
1.0 0.000126939 0 0


# NLOPS_hw6_y_2.5
R central min max
0.03 3.30538e-05 0 0
0.05 3.66548e-05 0 0
0.1 4.75854e-05 0 0
0.2 6.85259e-05 0 0
0.4 8.55289e-05 0 0
0.6 0.000102973 0 0
1.0 0.000112577 0 0


# NLOPS_noISR_y_2.5
R central min max
0.03 2.19381e-05 0 0
0.05 3.25955e-05 0 0
0.1 5.1989e-05 0 0
0.2 7.62764e-05 0 0
0.4 0.000106065 0 0
0.6 0.000124222 0 0
1.0 0.00013676 0 0


# NLO_y_2.5
R central min max
0.1 5.1989e-05 0 0
0.2 7.62764e-05 0 0
0.3 9.1323e-05 0 0
0.4 0.000106065 0 0
0.5 0.000117091 0 0
0.6 0.000124222 0 0
0.7 0.000129937 0 0
0.8 0.000132527 0 0
0.9 0.000133452 0 0
1.0 0.00013676 0 0


# LOPS_y_2.5
R central min max
0.03 0 0 0
0.05 0 0 0
0.1 0 0 0
0.2 0 0 0
0.4 0 0 0
0.6 0 0 0
1.0 0 0 0


