# high_pt_xsct_v_R_simple_K115.sh
# LO_y_0.0
R central min max
0.03 5.04442e-06 3.61251e-06 7.2287e-06
0.05 5.04442e-06 3.61251e-06 7.2287e-06
0.1 5.04442e-06 3.61251e-06 7.2287e-06
0.2 5.04442e-06 3.61251e-06 7.2287e-06
0.4 5.04442e-06 3.61251e-06 7.2287e-06
0.6 5.04442e-06 3.61251e-06 7.2287e-06
1.0 5.04442e-06 3.61251e-06 7.2287e-06


# NLO_y_0.0
R central min max
0.03 3.45768e-06 2.11378e-06 3.6925e-06
0.05 4.02402e-06 2.99627e-06 4.13539e-06
0.1 4.78923e-06 4.18888e-06 4.78923e-06
0.2 5.56377e-06 5.08851e-06 5.63076e-06
0.4 6.35088e-06 5.61025e-06 6.62245e-06
0.6 6.83007e-06 5.92788e-06 7.36922e-06
1.0 7.47419e-06 6.35476e-06 8.3732e-06


# NLO_match_y_0.0
R central min max
0.03 1.52302e-06 9.54445e-07 2.00243e-06
0.05 2.36215e-06 1.79171e-06 2.83713e-06
0.1 3.49595e-06 2.86716e-06 4.0103e-06
0.2 4.64357e-06 3.90525e-06 5.24056e-06
0.4 5.80981e-06 4.92753e-06 6.51954e-06
0.6 6.51981e-06 5.53975e-06 7.30725e-06
1.0 7.47419e-06 6.35476e-06 8.3732e-06


# NLO_match_narrowband_y_0.0
R central min max
0.03 1.52302e-06 1.12275e-06 1.78644e-06
0.05 2.36215e-06 2.1042e-06 2.51249e-06
0.1 3.49595e-06 3.2242e-06 3.7096e-06
0.2 4.64357e-06 4.12731e-06 4.94961e-06
0.4 5.80981e-06 5.04509e-06 6.34526e-06
0.6 6.51981e-06 5.60383e-06 7.21027e-06
1.0 7.47419e-06 6.35476e-06 8.3732e-06


# NLO+LLR_y_0.0
R central min max
0.03 3.04092e-06 2.52624e-06 3.4554e-06
0.05 3.52344e-06 2.95268e-06 3.97653e-06
0.1 4.24684e-06 3.58923e-06 4.76082e-06
0.2 5.0643e-06 4.30261e-06 5.65498e-06
0.4 5.991e-06 5.10304e-06 6.68031e-06
0.6 6.60144e-06 5.62339e-06 7.36736e-06
1.0 7.47419e-06 6.35476e-06 8.3732e-06


# NLO+LLR_narrowband_y_0.0
R central min max
0.03 3.04092e-06 2.793e-06 3.23222e-06
0.05 3.52344e-06 3.19208e-06 3.74706e-06
0.1 4.24684e-06 3.78521e-06 4.52005e-06
0.2 5.0643e-06 4.44809e-06 5.44733e-06
0.4 5.991e-06 5.19081e-06 6.55126e-06
0.6 6.60144e-06 5.67402e-06 7.29136e-06
1.0 7.47419e-06 6.35476e-06 8.3732e-06


# NLO+LLR_mB_y_0.0
R central min max
0.03 3.01651e-06 2.49472e-06 3.44947e-06
0.05 3.49494e-06 2.91569e-06 3.97048e-06
0.1 4.21125e-06 3.54312e-06 4.75407e-06
0.2 5.02346e-06 4.25007e-06 5.64765e-06
0.4 5.94959e-06 5.05042e-06 6.67273e-06
0.6 6.56842e-06 5.5818e-06 7.36108e-06
1.0 7.47419e-06 6.35476e-06 8.3732e-06


# NLO+LLR_mB_narrowband_y_0.0
R central min max
0.03 3.01651e-06 2.76558e-06 3.21422e-06
0.05 3.49494e-06 3.16052e-06 3.72603e-06
0.1 4.21125e-06 3.74642e-06 4.49379e-06
0.2 5.02346e-06 4.40422e-06 5.42709e-06
0.4 5.94959e-06 5.14692e-06 6.53041e-06
0.6 6.56842e-06 5.63928e-06 7.27459e-06
1.0 7.47419e-06 6.35476e-06 8.3732e-06


# NLO+LLR_R015_y_0.0
R central min max
0.03 2.85145e-06 2.32165e-06 3.32202e-06
0.05 3.32883e-06 2.73873e-06 3.85043e-06
0.1 4.0459e-06 3.36278e-06 4.647e-06
0.2 4.85678e-06 4.06324e-06 5.55464e-06
0.4 5.77607e-06 4.85005e-06 6.59351e-06
0.6 6.3806e-06 5.36137e-06 7.28658e-06
1.0 7.24204e-06 6.07886e-06 8.29454e-06


# NLO+LLR_R015_mB_y_0.0
R central min max
0.03 2.81315e-06 2.2759e-06 3.30527e-06
0.05 3.28389e-06 2.68472e-06 3.83168e-06
0.1 3.98993e-06 3.29553e-06 4.62441e-06
0.2 4.79136e-06 3.98504e-06 5.52861e-06
0.4 5.7059e-06 4.76695e-06 6.56545e-06
0.6 6.31705e-06 5.2866e-06 7.26107e-06
1.0 7.21149e-06 6.04302e-06 8.28272e-06


# pseudo_NNLO_y_0.0
R central min max
0.03 2.60595e-06 2.43586e-06 2.83075e-06
0.05 3.35689e-06 3.05757e-06 3.6555e-06
0.1 4.41482e-06 3.9306e-06 4.77283e-06
0.2 5.52441e-06 4.84333e-06 6.01411e-06
0.4 6.73228e-06 5.82606e-06 7.40429e-06
0.6 7.4973e-06 6.44063e-06 8.30139e-06
1.0 8.59532e-06 7.30798e-06 9.62917e-06


# NNLO_mult_y_0.0
R central min max
0.03 1.68639e-06 1.43378e-06 1.92467e-06
0.05 2.50111e-06 2.12648e-06 2.82193e-06
0.1 3.6757e-06 3.12111e-06 4.12856e-06
0.2 4.93067e-06 4.18856e-06 5.53016e-06
0.4 6.34278e-06 5.3907e-06 7.10902e-06
0.6 7.25303e-06 6.16569e-06 8.12684e-06
1.0 8.59532e-06 7.30798e-06 9.62917e-06


# NNLO_mult_narrowband_y_0.0
R central min max
0.03 1.68639e-06 1.54011e-06 1.89328e-06
0.05 2.50111e-06 2.22129e-06 2.80579e-06
0.1 3.6757e-06 3.20854e-06 4.04264e-06
0.2 4.93067e-06 4.26658e-06 5.44156e-06
0.4 6.34278e-06 5.45341e-06 7.0347e-06
0.6 7.25303e-06 6.2089e-06 8.07221e-06
1.0 8.59532e-06 7.30798e-06 9.62917e-06


# NNLO+LLR_multA_y_0.0
R central min max
0.03 2.97587e-06 2.51421e-06 3.3257e-06
0.05 3.55258e-06 3.01163e-06 3.97435e-06
0.1 4.43411e-06 3.7701e-06 4.93962e-06
0.2 5.44254e-06 4.63731e-06 6.0654e-06
0.4 6.62194e-06 5.64678e-06 7.38801e-06
0.6 7.41244e-06 6.31819e-06 8.27604e-06
1.0 8.59532e-06 7.30798e-06 9.62917e-06


# NNLO+LLR_multA_narrowband_y_0.0
R central min max
0.03 2.97587e-06 2.78625e-06 3.08973e-06
0.05 3.55258e-06 3.25928e-06 3.71463e-06
0.1 4.43411e-06 3.97712e-06 4.66686e-06
0.2 5.44254e-06 4.7944e-06 5.84226e-06
0.4 6.62194e-06 5.74394e-06 7.24533e-06
0.6 7.41244e-06 6.3751e-06 8.19068e-06
1.0 8.59532e-06 7.30798e-06 9.62917e-06


# NNLO+LLR_multB_y_0.0
R central min max
0.03 2.60956e-06 2.19176e-06 2.9668e-06
0.05 3.20172e-06 2.70565e-06 3.61648e-06
0.1 4.11834e-06 3.48778e-06 4.63015e-06
0.2 5.17502e-06 4.39291e-06 5.80582e-06
0.4 6.43447e-06 5.46802e-06 7.21198e-06
0.6 7.28705e-06 6.19453e-06 8.16497e-06
1.0 8.59532e-06 7.30798e-06 9.62917e-06


# NNLO+LLR_multB_narrowband_y_0.0
R central min max
0.03 2.60956e-06 2.36376e-06 2.78094e-06
0.05 3.20172e-06 2.85314e-06 3.4445e-06
0.1 4.11834e-06 3.61098e-06 4.46702e-06
0.2 5.17502e-06 4.4869e-06 5.68021e-06
0.4 6.43447e-06 5.53404e-06 7.12697e-06
0.6 7.28705e-06 6.23806e-06 8.10802e-06
1.0 8.59532e-06 7.30798e-06 9.62917e-06


# NNLO+LLR_combined_y_0.0
R central min max
0.03 2.97587e-06 2.51421e-06 3.3257e-06
0.05 3.55258e-06 3.01163e-06 3.97435e-06
0.1 4.43411e-06 3.7701e-06 4.93962e-06
0.2 5.44254e-06 4.63731e-06 6.0654e-06
0.4 6.62194e-06 5.64678e-06 7.38801e-06
0.6 7.41244e-06 6.31819e-06 8.27604e-06
1.0 8.59532e-06 7.30798e-06 9.62917e-06


# NNLO+LLR_R015_y_0.0
R central min max
0.03 2.94164e-06 2.43288e-06 3.36411e-06
0.05 3.52116e-06 2.93092e-06 4.02084e-06
0.1 4.40629e-06 3.69052e-06 4.99848e-06
0.2 5.41769e-06 4.55851e-06 6.13307e-06
0.4 6.59642e-06 5.56623e-06 7.45925e-06
0.6 7.38446e-06 6.23522e-06 8.34719e-06
1.0 8.55789e-06 7.21726e-06 9.6924e-06


# NNLO+LLR_R015_multB_y_0.0
R central min max
0.03 2.51439e-06 2.07777e-06 2.92923e-06
0.05 3.10052e-06 2.5797e-06 3.59001e-06
0.1 4.00877e-06 3.3438e-06 4.62111e-06
0.2 5.05557e-06 4.22817e-06 5.81579e-06
0.4 6.30297e-06 5.2784e-06 7.24369e-06
0.6 7.14727e-06 5.98809e-06 8.21085e-06
1.0 8.44504e-06 7.0782e-06 9.6985e-06


# NNLO+LLR_mexpB_y_0.0
R central min max
0.03 2.72409e-06 2.47441e-06 2.90307e-06
0.05 3.29585e-06 2.94573e-06 3.52256e-06
0.1 4.18578e-06 3.67842e-06 4.52573e-06
0.2 5.21857e-06 4.5303e-06 5.71831e-06
0.4 6.45442e-06 5.55328e-06 7.14488e-06
0.6 7.29563e-06 6.24606e-06 8.11609e-06
1.0 8.59532e-06 7.30798e-06 9.62917e-06


# LO_y_0.5
R central min max
0.03 1.22955e-05 8.81883e-06 1.75966e-05
0.05 1.22955e-05 8.81883e-06 1.75966e-05
0.1 1.22955e-05 8.81883e-06 1.75966e-05
0.2 1.22955e-05 8.81883e-06 1.75966e-05
0.4 1.22955e-05 8.81883e-06 1.75966e-05
0.6 1.22955e-05 8.81883e-06 1.75966e-05
1.0 1.22955e-05 8.81883e-06 1.75966e-05


# NLO_y_0.5
R central min max
0.03 7.62135e-06 3.93247e-06 8.45591e-06
0.05 8.97185e-06 6.03773e-06 9.40417e-06
0.1 1.08144e-05 8.90944e-06 1.08947e-05
0.2 1.26684e-05 1.17987e-05 1.26684e-05
0.4 1.456e-05 1.30576e-05 1.49925e-05
0.6 1.57204e-05 1.38273e-05 1.65549e-05
1.0 1.72738e-05 1.48574e-05 1.89762e-05


# NLO_match_y_0.5
R central min max
0.03 3.71316e-06 2.39905e-06 4.79844e-06
0.05 5.61046e-06 4.30935e-06 6.6484e-06
0.1 8.19905e-06 6.79647e-06 9.25734e-06
0.2 1.08036e-05 9.18645e-06 1.19745e-05
0.4 1.34612e-05 1.15479e-05 1.48185e-05
0.6 1.50915e-05 1.29714e-05 1.65878e-05
1.0 1.72738e-05 1.48574e-05 1.89762e-05


# NLO_match_narrowband_y_0.5
R central min max
0.03 3.71316e-06 2.75304e-06 4.3335e-06
0.05 5.61046e-06 4.97903e-06 5.98261e-06
0.1 8.19905e-06 7.63993e-06 8.63111e-06
0.2 1.08036e-05 9.71145e-06 1.14226e-05
0.4 1.34612e-05 1.18251e-05 1.44154e-05
0.6 1.50915e-05 1.3122e-05 1.63651e-05
1.0 1.72738e-05 1.48574e-05 1.89762e-05


# NLO+LLR_y_0.5
R central min max
0.03 7.05553e-06 5.92036e-06 7.88944e-06
0.05 8.17467e-06 6.92551e-06 9.0639e-06
0.1 9.8539e-06 8.42467e-06 1.0837e-05
0.2 1.17357e-05 1.00907e-05 1.28423e-05
0.4 1.3864e-05 1.19524e-05 1.51447e-05
0.6 1.52702e-05 1.31631e-05 1.67002e-05
1.0 1.72738e-05 1.48574e-05 1.89762e-05


# NLO+LLR_narrowband_y_0.5
R central min max
0.03 7.05553e-06 6.56711e-06 7.43549e-06
0.05 8.17467e-06 7.50258e-06 8.61874e-06
0.1 9.8539e-06 8.89328e-06 1.03979e-05
0.2 1.17357e-05 1.04355e-05 1.23973e-05
0.4 1.3864e-05 1.21585e-05 1.48476e-05
0.6 1.52702e-05 1.32815e-05 1.65265e-05
1.0 1.72738e-05 1.48574e-05 1.89762e-05


# NLO+LLR_mB_y_0.5
R central min max
0.03 6.9987e-06 5.84113e-06 7.88499e-06
0.05 8.10751e-06 6.83135e-06 9.06198e-06
0.1 9.77322e-06 8.31128e-06 1.08391e-05
0.2 1.16432e-05 9.96138e-06 1.28474e-05
0.4 1.37717e-05 1.18248e-05 1.51503e-05
0.6 1.51991e-05 1.30658e-05 1.67043e-05
1.0 1.72738e-05 1.48574e-05 1.89762e-05


# NLO+LLR_mB_narrowband_y_0.5
R central min max
0.03 6.9987e-06 6.49839e-06 7.39842e-06
0.05 8.10751e-06 7.42246e-06 8.57495e-06
0.1 9.77322e-06 8.79866e-06 1.03453e-05
0.2 1.16432e-05 1.03286e-05 1.23368e-05
0.4 1.37717e-05 1.20532e-05 1.48202e-05
0.6 1.51991e-05 1.32011e-05 1.65053e-05
1.0 1.72738e-05 1.48574e-05 1.89762e-05


# NLO+LLR_R015_y_0.5
R central min max
0.03 6.62641e-06 5.44143e-06 7.61092e-06
0.05 7.73948e-06 6.42857e-06 8.81312e-06
0.1 9.41238e-06 7.90427e-06 1.06303e-05
0.2 1.12894e-05 9.54763e-06 1.2685e-05
0.4 1.34118e-05 1.1386e-05 1.50371e-05
0.6 1.48107e-05 1.25807e-05 1.66161e-05
1.0 1.67973e-05 1.42499e-05 1.89093e-05


# NLO+LLR_R015_mB_y_0.5
R central min max
0.03 6.54541e-06 5.33871e-06 7.58625e-06
0.05 7.64342e-06 6.30595e-06 8.78681e-06
0.1 9.29587e-06 7.75503e-06 1.0602e-05
0.2 1.11537e-05 9.37442e-06 1.26542e-05
0.4 1.32697e-05 1.12063e-05 1.50053e-05
0.6 1.46885e-05 1.2427e-05 1.65892e-05
1.0 1.67502e-05 1.41905e-05 1.89006e-05


# pseudo_NNLO_y_0.5
R central min max
0.03 6.06191e-06 5.71996e-06 6.38599e-06
0.05 7.73394e-06 7.13967e-06 8.11081e-06
0.1 1.01676e-05 9.17801e-06 1.07246e-05
0.2 1.27296e-05 1.13023e-05 1.35529e-05
0.4 1.55218e-05 1.35863e-05 1.67117e-05
0.6 1.73235e-05 1.50429e-05 1.88059e-05
1.0 1.98649e-05 1.70861e-05 2.18226e-05


# NNLO_mult_y_0.5
R central min max
0.03 3.87863e-06 3.31752e-06 4.33942e-06
0.05 5.69657e-06 4.88196e-06 6.31743e-06
0.1 8.42317e-06 7.22871e-06 9.28874e-06
0.2 1.13497e-05 9.75121e-06 1.24882e-05
0.4 1.46234e-05 1.2572e-05 1.60728e-05
0.6 1.67751e-05 1.44263e-05 1.84314e-05
1.0 1.98649e-05 1.70861e-05 2.18226e-05


# NNLO_mult_narrowband_y_0.5
R central min max
0.03 3.87863e-06 3.55739e-06 4.14142e-06
0.05 5.69657e-06 5.12003e-06 6.07578e-06
0.1 8.42317e-06 7.44803e-06 9.03813e-06
0.2 1.13497e-05 9.93246e-06 1.22647e-05
0.4 1.46234e-05 1.26932e-05 1.58955e-05
0.6 1.67751e-05 1.44941e-05 1.83169e-05
1.0 1.98649e-05 1.70861e-05 2.18226e-05


# NNLO+LLR_multA_y_0.5
R central min max
0.03 6.84712e-06 5.84272e-06 7.51506e-06
0.05 8.15947e-06 7.00056e-06 8.90293e-06
0.1 1.02031e-05 8.78722e-06 1.11171e-05
0.2 1.25392e-05 1.08184e-05 1.36739e-05
0.4 1.52707e-05 1.31731e-05 1.66801e-05
0.6 1.71289e-05 1.47603e-05 1.87487e-05
1.0 1.98649e-05 1.70861e-05 2.18226e-05


# NNLO+LLR_multA_narrowband_y_0.5
R central min max
0.03 6.84712e-06 6.49958e-06 7.03516e-06
0.05 8.15947e-06 7.5947e-06 8.43319e-06
0.1 1.02031e-05 9.28e-06 1.06257e-05
0.2 1.25392e-05 1.1189e-05 1.31544e-05
0.4 1.52707e-05 1.34004e-05 1.63528e-05
0.6 1.71289e-05 1.4893e-05 1.85539e-05
1.0 1.98649e-05 1.70861e-05 2.18226e-05


# NNLO+LLR_multB_y_0.5
R central min max
0.03 6.05973e-06 5.12798e-06 6.76687e-06
0.05 7.38631e-06 6.2892e-06 8.19453e-06
0.1 9.49743e-06 8.13043e-06 1.04801e-05
0.2 1.19379e-05 1.02492e-05 1.31373e-05
0.4 1.48442e-05 1.27605e-05 1.63158e-05
0.6 1.68536e-05 1.44935e-05 1.85176e-05
1.0 1.98649e-05 1.70861e-05 2.18226e-05


# NNLO+LLR_multB_narrowband_y_0.5
R central min max
0.03 6.05973e-06 5.53777e-06 6.40691e-06
0.05 7.38631e-06 6.65514e-06 7.81482e-06
0.1 9.49743e-06 8.42633e-06 1.00798e-05
0.2 1.19379e-05 1.04668e-05 1.28393e-05
0.4 1.48442e-05 1.2893e-05 1.61171e-05
0.6 1.68536e-05 1.45652e-05 1.83969e-05
1.0 1.98649e-05 1.70861e-05 2.18226e-05


# NNLO+LLR_combined_y_0.5
R central min max
0.03 6.84712e-06 5.84272e-06 7.51506e-06
0.05 8.15947e-06 7.00056e-06 8.90293e-06
0.1 1.02031e-05 8.78722e-06 1.11171e-05
0.2 1.25392e-05 1.08184e-05 1.36739e-05
0.4 1.52707e-05 1.31731e-05 1.66801e-05
0.6 1.71289e-05 1.47603e-05 1.87487e-05
1.0 1.98649e-05 1.70861e-05 2.18226e-05


# NNLO+LLR_R015_y_0.5
R central min max
0.03 6.77083e-06 5.64889e-06 7.60355e-06
0.05 8.09396e-06 6.8107e-06 9.03206e-06
0.1 1.0148e-05 8.60149e-06 1.1278e-05
0.2 1.24919e-05 1.06366e-05 1.3856e-05
0.4 1.52221e-05 1.29898e-05 1.68685e-05
0.6 1.70723e-05 1.4571e-05 1.8931e-05
1.0 1.97865e-05 1.68788e-05 2.19841e-05


# NNLO+LLR_R015_multB_y_0.5
R central min max
0.03 5.85194e-06 4.86792e-06 6.70462e-06
0.05 7.168e-06 6.00382e-06 8.16323e-06
0.1 9.26351e-06 7.80532e-06 1.04982e-05
0.2 1.16856e-05 9.87818e-06 1.32094e-05
0.4 1.45689e-05 1.23339e-05 1.64484e-05
0.6 1.65629e-05 1.40296e-05 1.86921e-05
1.0 1.95544e-05 1.65698e-05 2.20623e-05


# NNLO+LLR_mexpB_y_0.5
R central min max
0.03 6.32911e-06 5.80609e-06 6.69172e-06
0.05 7.61844e-06 6.88706e-06 8.06006e-06
0.1 9.66731e-06 8.59723e-06 1.02381e-05
0.2 1.20488e-05 1.05785e-05 1.29363e-05
0.4 1.48959e-05 1.29451e-05 1.61635e-05
0.6 1.68743e-05 1.45863e-05 1.84157e-05
1.0 1.98649e-05 1.70861e-05 2.18226e-05


# LO_y_1.0
R central min max
0.03 3.74164e-05 2.68154e-05 5.36321e-05
0.05 3.74164e-05 2.68154e-05 5.36321e-05
0.1 3.74164e-05 2.68154e-05 5.36321e-05
0.2 3.74164e-05 2.68154e-05 5.36321e-05
0.4 3.74164e-05 2.68154e-05 5.36321e-05
0.6 3.74164e-05 2.68154e-05 5.36321e-05
1.0 3.74164e-05 2.68154e-05 5.36321e-05


# NLO_y_1.0
R central min max
0.03 1.91665e-05 5.61077e-06 2.30507e-05
0.05 2.34806e-05 1.23623e-05 2.59038e-05
0.1 2.91216e-05 2.11922e-05 3.01005e-05
0.2 3.47411e-05 2.999e-05 3.47411e-05
0.4 4.05325e-05 3.71793e-05 4.10348e-05
0.6 4.40938e-05 3.95349e-05 4.5437e-05
1.0 4.88107e-05 4.26537e-05 5.20107e-05


# NLO_match_y_1.0
R central min max
0.03 1.01392e-05 6.35914e-06 1.32012e-05
0.05 1.5767e-05 1.21339e-05 1.85229e-05
0.1 2.31258e-05 1.93717e-05 2.56244e-05
0.2 3.04566e-05 2.62607e-05 3.29058e-05
0.4 3.80116e-05 3.31154e-05 4.06396e-05
0.6 4.26574e-05 3.7247e-05 4.54943e-05
1.0 4.88107e-05 4.26537e-05 5.20107e-05


# NLO_match_narrowband_y_1.0
R central min max
0.03 1.01392e-05 7.01359e-06 1.21072e-05
0.05 1.5767e-05 1.3561e-05 1.703e-05
0.1 2.31258e-05 2.19443e-05 2.40496e-05
0.2 3.04566e-05 2.78543e-05 3.18202e-05
0.4 3.80116e-05 3.39459e-05 3.98272e-05
0.6 4.26574e-05 3.76927e-05 4.48514e-05
1.0 4.88107e-05 4.26537e-05 5.20107e-05


# NLO+LLR_y_1.0
R central min max
0.03 1.95483e-05 1.65931e-05 2.14451e-05
0.05 2.28374e-05 1.95942e-05 2.47783e-05
0.1 2.76562e-05 2.39884e-05 2.96411e-05
0.2 3.30072e-05 2.88305e-05 3.50759e-05
0.4 3.90864e-05 3.42459e-05 4.13929e-05
0.6 4.31122e-05 3.77653e-05 4.57092e-05
1.0 4.88107e-05 4.26537e-05 5.20107e-05


# NLO+LLR_narrowband_y_1.0
R central min max
0.03 1.95483e-05 1.85916e-05 2.03359e-05
0.05 2.28374e-05 2.1373e-05 2.37838e-05
0.1 2.76562e-05 2.54222e-05 2.88279e-05
0.2 3.30072e-05 2.98749e-05 3.44407e-05
0.4 3.90864e-05 3.48637e-05 4.08576e-05
0.6 4.31122e-05 3.81178e-05 4.52048e-05
1.0 4.88107e-05 4.26537e-05 5.20107e-05


# NLO+LLR_mB_y_1.0
R central min max
0.03 1.93923e-05 1.63432e-05 2.14631e-05
0.05 2.26817e-05 1.93407e-05 2.4817e-05
0.1 2.74724e-05 2.36864e-05 2.97154e-05
0.2 3.27893e-05 2.84734e-05 3.51895e-05
0.4 3.88735e-05 3.39014e-05 4.15176e-05
0.6 4.29543e-05 3.75123e-05 4.58033e-05
1.0 4.88107e-05 4.26537e-05 5.20107e-05


# NLO+LLR_mB_narrowband_y_1.0
R central min max
0.03 1.93923e-05 1.83746e-05 2.0262e-05
0.05 2.26817e-05 2.11598e-05 2.37098e-05
0.1 2.74724e-05 2.51753e-05 2.87406e-05
0.2 3.27893e-05 2.95864e-05 3.43371e-05
0.4 3.88735e-05 3.45858e-05 4.07562e-05
0.6 4.29543e-05 3.79135e-05 4.5229e-05
1.0 4.88107e-05 4.26537e-05 5.20107e-05


# NLO+LLR_R015_y_1.0
R central min max
0.03 1.83763e-05 1.52169e-05 2.07472e-05
0.05 2.16565e-05 1.81671e-05 2.41924e-05
0.1 2.64854e-05 2.25079e-05 2.92539e-05
0.2 3.18599e-05 2.73064e-05 3.49231e-05
0.4 3.79608e-05 3.2679e-05 4.14748e-05
0.6 4.19892e-05 3.61683e-05 4.59058e-05
1.0 4.76727e-05 4.10087e-05 5.23123e-05


# NLO+LLR_R015_mB_y_1.0
R central min max
0.03 1.82008e-05 1.49686e-05 2.07325e-05
0.05 2.148e-05 1.79127e-05 2.41927e-05
0.1 2.62752e-05 2.2202e-05 2.92713e-05
0.2 3.16085e-05 2.69415e-05 3.49561e-05
0.4 3.7714e-05 3.23235e-05 4.15146e-05
0.6 4.18065e-05 3.59051e-05 4.59402e-05
1.0 4.76756e-05 4.10068e-05 5.23255e-05


# pseudo_NNLO_y_1.0
R central min max
0.03 1.57324e-05 1.52449e-05 1.62894e-05
0.05 2.11776e-05 2.01424e-05 2.17547e-05
0.1 2.81587e-05 2.60499e-05 2.90702e-05
0.2 3.54422e-05 3.21704e-05 3.67402e-05
0.4 4.34718e-05 3.88268e-05 4.52764e-05
0.6 4.88017e-05 4.31577e-05 5.12539e-05
1.0 5.61323e-05 4.90518e-05 5.98123e-05


# NNLO_mult_y_1.0
R central min max
0.03 9.0671e-06 7.59062e-06 1.05085e-05
0.05 1.52651e-05 1.32096e-05 1.67236e-05
0.1 2.31612e-05 2.01546e-05 2.4936e-05
0.2 3.15206e-05 2.74815e-05 3.37285e-05
0.4 4.09209e-05 3.57289e-05 4.36648e-05
0.6 4.72898e-05 4.13145e-05 5.0411e-05
1.0 5.61323e-05 4.90518e-05 5.98123e-05


# NNLO_mult_narrowband_y_1.0
R central min max
0.03 9.0671e-06 8.66656e-06 9.50463e-06
0.05 1.52651e-05 1.42667e-05 1.58775e-05
0.1 2.31612e-05 2.10426e-05 2.42248e-05
0.2 3.15206e-05 2.8224e-05 3.30316e-05
0.4 4.09209e-05 3.62625e-05 4.30076e-05
0.6 4.72898e-05 4.16398e-05 5.00188e-05
1.0 5.61323e-05 4.90518e-05 5.98123e-05


# NNLO+LLR_multA_y_1.0
R central min max
0.03 1.83391e-05 1.59809e-05 1.99632e-05
0.05 2.2421e-05 1.95935e-05 2.41856e-05
0.1 2.82858e-05 2.48282e-05 3.01531e-05
0.2 3.49352e-05 3.07308e-05 3.68941e-05
0.4 4.27842e-05 3.76179e-05 4.51441e-05
0.6 4.82525e-05 4.23282e-05 5.11247e-05
1.0 5.61323e-05 4.90518e-05 5.98123e-05


# NNLO+LLR_multA_narrowband_y_1.0
R central min max
0.03 1.83391e-05 1.65536e-05 1.88634e-05
0.05 2.2421e-05 2.11701e-05 2.27433e-05
0.1 2.82858e-05 2.63391e-05 2.89904e-05
0.2 3.49352e-05 3.18524e-05 3.60909e-05
0.4 4.27842e-05 3.82981e-05 4.45104e-05
0.6 4.82525e-05 4.27235e-05 5.05602e-05
1.0 5.61323e-05 4.90518e-05 5.98123e-05


# NNLO+LLR_multB_y_1.0
R central min max
0.03 1.62069e-05 1.37731e-05 1.78932e-05
0.05 2.04387e-05 1.7607e-05 2.22154e-05
0.1 2.64543e-05 2.29688e-05 2.84557e-05
0.2 3.33383e-05 2.90505e-05 3.56681e-05
0.4 4.16184e-05 3.63358e-05 4.44063e-05
0.6 4.75275e-05 4.15218e-05 5.06639e-05
1.0 5.61323e-05 4.90518e-05 5.98123e-05


# NNLO+LLR_multB_narrowband_y_1.0
R central min max
0.03 1.62069e-05 1.53068e-05 1.6853e-05
0.05 2.04387e-05 1.88801e-05 2.1316e-05
0.1 2.64543e-05 2.39902e-05 2.76706e-05
0.2 3.33383e-05 2.98382e-05 3.4931e-05
0.4 4.16184e-05 3.6869e-05 4.37205e-05
0.6 4.75275e-05 4.18453e-05 5.02627e-05
1.0 5.61323e-05 4.90518e-05 5.98123e-05


# NNLO+LLR_combined_y_1.0
R central min max
0.03 1.83391e-05 1.59809e-05 1.99632e-05
0.05 2.2421e-05 1.95935e-05 2.41856e-05
0.1 2.82858e-05 2.48282e-05 3.01531e-05
0.2 3.49352e-05 3.07308e-05 3.68941e-05
0.4 4.27842e-05 3.76179e-05 4.51441e-05
0.6 4.82525e-05 4.23282e-05 5.11247e-05
1.0 5.61323e-05 4.90518e-05 5.98123e-05


# NNLO+LLR_R015_y_1.0
R central min max
0.03 1.81798e-05 1.54309e-05 2.01671e-05
0.05 2.22606e-05 1.9025e-05 2.44321e-05
0.1 2.81563e-05 2.42699e-05 3.04827e-05
0.2 3.48309e-05 3.01879e-05 3.74352e-05
0.4 4.26727e-05 3.70729e-05 4.579e-05
0.6 4.81047e-05 4.17616e-05 5.17241e-05
1.0 5.5913e-05 4.84389e-05 6.03181e-05


# NNLO+LLR_R015_multB_y_1.0
R central min max
0.03 1.57256e-05 1.3117e-05 1.77965e-05
0.05 1.99253e-05 1.68619e-05 2.22451e-05
0.1 2.59121e-05 2.2119e-05 2.86746e-05
0.2 3.27609e-05 2.80793e-05 3.60912e-05
0.4 4.09909e-05 3.52133e-05 4.50528e-05
0.6 4.68655e-05 4.02949e-05 5.14627e-05
1.0 5.54244e-05 4.76801e-05 6.08232e-05


# NNLO+LLR_mexpB_y_1.0
R central min max
0.03 1.71239e-05 1.61773e-05 1.78325e-05
0.05 2.11381e-05 1.95636e-05 2.20582e-05
0.1 2.69724e-05 2.44999e-05 2.8214e-05
0.2 3.36899e-05 3.01803e-05 3.52972e-05
0.4 4.17886e-05 3.70298e-05 4.38774e-05
0.6 4.75904e-05 4.19042e-05 5.03204e-05
1.0 5.61323e-05 4.90518e-05 5.98123e-05


# LO_y_1.5
R central min max
0.03 5.44641e-06 3.8184e-06 7.99623e-06
0.05 5.44641e-06 3.8184e-06 7.99623e-06
0.1 5.44641e-06 3.8184e-06 7.99623e-06
0.2 5.44641e-06 3.8184e-06 7.99623e-06
0.4 5.44641e-06 3.8184e-06 7.99623e-06
0.6 5.44641e-06 3.8184e-06 7.99623e-06
1.0 5.44641e-06 3.8184e-06 7.99623e-06


# NLO_y_1.5
R central min max
0.03 1.97491e-06 -6.33314e-07 2.8201e-06
0.05 2.59517e-06 3.61768e-07 3.22133e-06
0.1 3.45653e-06 1.74254e-06 3.77891e-06
0.2 4.32592e-06 3.13633e-06 4.4503e-06
0.4 5.21131e-06 4.55526e-06 5.21131e-06
0.6 5.73727e-06 5.25525e-06 5.78381e-06
1.0 6.37483e-06 5.66757e-06 6.58832e-06


# NLO_match_y_1.5
R central min max
0.03 1.22487e-06 7.31886e-07 1.6231e-06
0.05 1.95087e-06 1.49027e-06 2.29706e-06
0.1 2.95906e-06 2.50479e-06 3.23978e-06
0.2 3.97665e-06 3.48347e-06 4.20419e-06
0.4 5.01296e-06 4.44281e-06 5.21105e-06
0.6 5.62859e-06 5.00031e-06 5.82577e-06
1.0 6.37483e-06 5.66757e-06 6.58832e-06


# NLO_match_narrowband_y_1.5
R central min max
0.03 1.22487e-06 7.56415e-07 1.522e-06
0.05 1.95087e-06 1.55546e-06 2.16634e-06
0.1 2.95906e-06 2.66421e-06 3.06115e-06
0.2 3.97665e-06 3.69948e-06 4.09095e-06
0.4 5.01296e-06 4.55027e-06 5.16996e-06
0.6 5.62859e-06 5.05557e-06 5.81096e-06
1.0 6.37483e-06 5.66757e-06 6.58832e-06


# NLO+LLR_y_1.5
R central min max
0.03 2.42228e-06 2.05825e-06 2.65644e-06
0.05 2.85799e-06 2.46651e-06 3.08383e-06
0.1 3.52164e-06 3.08385e-06 3.73337e-06
0.2 4.26898e-06 3.77236e-06 4.4661e-06
0.4 5.11462e-06 4.53996e-06 5.30585e-06
0.6 5.66062e-06 5.0287e-06 5.85831e-06
1.0 6.37483e-06 5.66757e-06 6.58832e-06


# NLO+LLR_narrowband_y_1.5
R central min max
0.03 2.42228e-06 2.19541e-06 2.51752e-06
0.05 2.85799e-06 2.64281e-06 2.94233e-06
0.1 3.52164e-06 3.292e-06 3.62591e-06
0.2 4.26898e-06 3.92342e-06 4.39801e-06
0.4 5.11462e-06 4.62863e-06 5.2761e-06
0.6 5.66062e-06 5.07891e-06 5.84599e-06
1.0 6.37483e-06 5.66757e-06 6.58832e-06


# NLO+LLR_mB_y_1.5
R central min max
0.03 2.42302e-06 2.05961e-06 2.65697e-06
0.05 2.85716e-06 2.4644e-06 3.08406e-06
0.1 3.51962e-06 3.07878e-06 3.73389e-06
0.2 4.26622e-06 3.76548e-06 4.46699e-06
0.4 5.11315e-06 4.53608e-06 5.30668e-06
0.6 5.66139e-06 5.03015e-06 5.85829e-06
1.0 6.37483e-06 5.66757e-06 6.58832e-06


# NLO+LLR_mB_narrowband_y_1.5
R central min max
0.03 2.42302e-06 2.19423e-06 2.51867e-06
0.05 2.85716e-06 2.64424e-06 2.94253e-06
0.1 3.51962e-06 3.28821e-06 3.6264e-06
0.2 4.26622e-06 3.9183e-06 4.39869e-06
0.4 5.11315e-06 4.62604e-06 5.27646e-06
0.6 5.66139e-06 5.08051e-06 5.8458e-06
1.0 6.37483e-06 5.66757e-06 6.58832e-06


# NLO+LLR_R015_y_1.5
R central min max
0.03 2.26463e-06 1.86666e-06 2.53622e-06
0.05 2.70263e-06 2.26822e-06 2.97312e-06
0.1 3.37178e-06 2.87814e-06 3.64084e-06
0.2 4.12777e-06 3.56165e-06 4.39814e-06
0.4 4.98424e-06 4.3263e-06 5.26719e-06
0.6 5.53731e-06 4.81423e-06 5.83934e-06
1.0 6.26403e-06 5.45499e-06 6.58914e-06


# NLO+LLR_R015_mB_y_1.5
R central min max
0.03 2.27918e-06 1.89261e-06 2.54065e-06
0.05 2.71803e-06 2.29658e-06 2.97762e-06
0.1 3.38982e-06 2.91218e-06 3.64512e-06
0.2 4.14949e-06 3.60308e-06 4.40129e-06
0.4 5.01265e-06 4.38027e-06 5.26801e-06
0.6 5.57174e-06 4.87927e-06 5.83593e-06
1.0 6.30193e-06 5.52588e-06 6.58688e-06


# pseudo_NNLO_y_1.5
R central min max
0.03 1.59659e-06 1.05677e-06 1.83301e-06
0.05 2.33924e-06 1.83214e-06 2.50339e-06
0.1 3.38774e-06 2.97025e-06 3.45847e-06
0.2 4.50602e-06 4.20674e-06 4.52996e-06
0.4 5.68304e-06 5.1906e-06 5.79159e-06
0.6 6.40812e-06 5.78032e-06 6.57227e-06
1.0 7.33106e-06 6.5177e-06 7.57657e-06


# NNLO_mult_y_1.5
R central min max
0.03 6.21829e-07 2.49541e-07 9.84889e-07
0.05 1.47915e-06 1.1083e-06 1.79531e-06
0.1 2.69282e-06 2.30106e-06 2.94885e-06
0.2 3.99859e-06 3.52213e-06 4.21582e-06
0.4 5.37975e-06 4.77341e-06 5.5874e-06
0.6 6.23504e-06 5.54009e-06 6.45333e-06
1.0 7.33106e-06 6.5177e-06 7.57657e-06


# NNLO_mult_narrowband_y_1.5
R central min max
0.03 6.21829e-07 2.57839e-07 8.75088e-07
0.05 1.47915e-06 1.15487e-06 1.63163e-06
0.1 2.69282e-06 2.45705e-06 2.75048e-06
0.2 3.99859e-06 3.70703e-06 4.09428e-06
0.4 5.37975e-06 4.87469e-06 5.53807e-06
0.6 6.23504e-06 5.59988e-06 6.43043e-06
1.0 7.33106e-06 6.5177e-06 7.57657e-06


# NNLO+LLR_multA_y_1.5
R central min max
0.03 2.13759e-06 1.73011e-06 2.33196e-06
0.05 2.65664e-06 2.26665e-06 2.84722e-06
0.1 3.47999e-06 3.14801e-06 3.65625e-06
0.2 4.45553e-06 4.01865e-06 4.61636e-06
0.4 5.58763e-06 5.0126e-06 5.74247e-06
0.6 6.33222e-06 5.66058e-06 6.50953e-06
1.0 7.33106e-06 6.5177e-06 7.57657e-06


# NNLO+LLR_multA_narrowband_y_1.5
R central min max
0.03 2.13759e-06 1.61101e-06 2.30117e-06
0.05 2.65664e-06 2.14256e-06 2.78365e-06
0.1 3.47999e-06 3.03204e-06 3.54172e-06
0.2 4.45553e-06 4.12002e-06 4.47778e-06
0.4 5.58763e-06 5.11138e-06 5.69241e-06
0.6 6.33222e-06 5.71727e-06 6.49369e-06
1.0 7.33106e-06 6.5177e-06 7.57657e-06


# NNLO+LLR_multB_y_1.5
R central min max
0.03 1.91409e-06 1.59014e-06 2.15956e-06
0.05 2.4378e-06 2.07412e-06 2.67796e-06
0.1 3.2808e-06 2.86002e-06 3.50418e-06
0.2 4.29578e-06 3.79303e-06 4.5046e-06
0.4 5.48439e-06 4.86736e-06 5.69197e-06
0.6 6.27157e-06 5.57279e-06 6.49025e-06
1.0 7.33106e-06 6.5177e-06 7.57657e-06


# NNLO+LLR_multB_narrowband_y_1.5
R central min max
0.03 1.91409e-06 1.68152e-06 2.01038e-06
0.05 2.4378e-06 2.21053e-06 2.50085e-06
0.1 3.2808e-06 3.08972e-06 3.34837e-06
0.2 4.29578e-06 3.95375e-06 4.40997e-06
0.4 5.48439e-06 4.96192e-06 5.6489e-06
0.6 6.27157e-06 5.62993e-06 6.46912e-06
1.0 7.33106e-06 6.5177e-06 7.57657e-06


# NNLO+LLR_combined_y_1.5
R central min max
0.03 2.13759e-06 1.73011e-06 2.33196e-06
0.05 2.65664e-06 2.26665e-06 2.84722e-06
0.1 3.47999e-06 3.14801e-06 3.65625e-06
0.2 4.45553e-06 4.01865e-06 4.61636e-06
0.4 5.58763e-06 5.0126e-06 5.74247e-06
0.6 6.33222e-06 5.66058e-06 6.50953e-06
1.0 7.33106e-06 6.5177e-06 7.57657e-06


# NNLO+LLR_R015_y_1.5
R central min max
0.03 2.12361e-06 1.78322e-06 2.35303e-06
0.05 2.64314e-06 2.31508e-06 2.87389e-06
0.1 3.46566e-06 3.06226e-06 3.69558e-06
0.2 4.4368e-06 3.92873e-06 4.6678e-06
0.4 5.56145e-06 4.91992e-06 5.7974e-06
0.6 6.29958e-06 5.56569e-06 6.5428e-06
1.0 7.28782e-06 6.42034e-06 7.55876e-06


# NNLO+LLR_R015_multB_y_1.5
R central min max
0.03 1.90036e-06 1.55301e-06 2.16367e-06
0.05 2.42329e-06 2.02899e-06 2.68745e-06
0.1 3.26488e-06 2.80153e-06 3.52379e-06
0.2 4.27666e-06 3.71883e-06 4.53634e-06
0.4 5.4602e-06 4.77536e-06 5.73562e-06
0.6 6.24296e-06 5.46861e-06 6.53844e-06
1.0 7.29444e-06 6.39629e-06 7.62427e-06


# NNLO+LLR_mexpB_y_1.5
R central min max
0.03 2.0361e-06 1.80623e-06 2.13178e-06
0.05 2.53968e-06 2.31563e-06 2.60269e-06
0.1 3.35154e-06 3.15133e-06 3.42696e-06
0.2 4.3346e-06 3.9882e-06 4.45233e-06
0.4 5.49814e-06 4.97427e-06 5.66382e-06
0.6 6.27568e-06 5.63356e-06 6.47362e-06
1.0 7.33106e-06 6.5177e-06 7.57657e-06


# LO_y_2.0
R central min max
0.03 5.36887e-06 3.70874e-06 8.01489e-06
0.05 5.36887e-06 3.70874e-06 8.01489e-06
0.1 5.36887e-06 3.70874e-06 8.01489e-06
0.2 5.36887e-06 3.70874e-06 8.01489e-06
0.4 5.36887e-06 3.70874e-06 8.01489e-06
0.6 5.36887e-06 3.70874e-06 8.01489e-06
1.0 5.36887e-06 3.70874e-06 8.01489e-06


# NLO_y_2.0
R central min max
0.03 8.68984e-07 -2.53053e-06 2.10238e-06
0.05 1.53859e-06 -1.43722e-06 2.52892e-06
0.1 2.45637e-06 6.04442e-08 3.11384e-06
0.2 3.40669e-06 1.61022e-06 3.71977e-06
0.4 4.33674e-06 3.1276e-06 4.44573e-06
0.6 4.87716e-06 4.00929e-06 4.87716e-06
1.0 5.48082e-06 4.9961e-06 5.48259e-06


# NLO_match_y_2.0
R central min max
0.03 7.72817e-07 3.28593e-07 1.13831e-06
0.05 1.45638e-06 1.06001e-06 1.76865e-06
0.1 2.3933e-06 2.03619e-06 2.63305e-06
0.2 3.36344e-06 3.00611e-06 3.52851e-06
0.4 4.31289e-06 3.91597e-06 4.4045e-06
0.6 4.86457e-06 4.43038e-06 4.91345e-06
1.0 5.48082e-06 4.9961e-06 5.48259e-06


# NLO_match_narrowband_y_2.0
R central min max
0.03 7.72817e-07 3.04354e-07 1.09542e-06
0.05 1.45638e-06 9.85876e-07 1.7139e-06
0.1 2.3933e-06 1.91945e-06 2.56161e-06
0.2 3.36344e-06 2.8855e-06 3.43932e-06
0.4 4.31289e-06 3.83136e-06 4.31289e-06
0.6 4.86457e-06 4.38097e-06 4.86457e-06
1.0 5.48082e-06 4.9961e-06 5.48259e-06


# NLO+LLR_y_2.0
R central min max
0.03 1.91722e-06 1.6429e-06 2.11666e-06
0.05 2.31038e-06 2.02329e-06 2.49876e-06
0.1 2.91243e-06 2.60544e-06 3.07724e-06
0.2 3.61486e-06 3.27455e-06 3.74632e-06
0.4 4.39355e-06 4.01013e-06 4.47922e-06
0.6 4.88841e-06 4.47252e-06 4.94201e-06
1.0 5.48082e-06 4.9961e-06 5.48259e-06


# NLO+LLR_narrowband_y_2.0
R central min max
0.03 1.91722e-06 1.5637e-06 2.05974e-06
0.05 2.31038e-06 1.93127e-06 2.43258e-06
0.1 2.91243e-06 2.50328e-06 2.99692e-06
0.2 3.61486e-06 3.19182e-06 3.64597e-06
0.4 4.39355e-06 3.9596e-06 4.40725e-06
0.6 4.88841e-06 4.45062e-06 4.90501e-06
1.0 5.48082e-06 4.9961e-06 5.48259e-06


# NLO+LLR_mB_y_2.0
R central min max
0.03 1.91784e-06 1.64029e-06 2.11538e-06
0.05 2.31099e-06 2.01783e-06 2.49744e-06
0.1 2.91308e-06 2.59508e-06 3.07585e-06
0.2 3.61596e-06 3.2635e-06 3.7434e-06
0.4 4.39492e-06 3.99507e-06 4.47452e-06
0.6 4.88988e-06 4.45408e-06 4.93528e-06
1.0 5.48082e-06 4.9961e-06 5.48259e-06


# NLO+LLR_mB_narrowband_y_2.0
R central min max
0.03 1.91784e-06 1.54796e-06 2.06395e-06
0.05 2.31099e-06 1.91503e-06 2.43671e-06
0.1 2.91308e-06 2.48551e-06 3.00121e-06
0.2 3.61596e-06 3.16109e-06 3.65307e-06
0.4 4.39492e-06 3.92071e-06 4.39492e-06
0.6 4.88988e-06 4.40829e-06 4.88988e-06
1.0 5.48082e-06 4.9961e-06 5.48259e-06


# NLO+LLR_R015_y_2.0
R central min max
0.03 1.78848e-06 1.47474e-06 2.01776e-06
0.05 2.18569e-06 1.84737e-06 2.41015e-06
0.1 2.79762e-06 2.42143e-06 3.00869e-06
0.2 3.51301e-06 3.08432e-06 3.70667e-06
0.4 4.31125e-06 3.81922e-06 4.48385e-06
0.6 4.82028e-06 4.28395e-06 4.98267e-06
1.0 5.44062e-06 4.86308e-06 5.58205e-06


# NLO+LLR_R015_mB_y_2.0
R central min max
0.03 1.79592e-06 1.50631e-06 2.01226e-06
0.05 2.19447e-06 1.88749e-06 2.40228e-06
0.1 2.80854e-06 2.47526e-06 2.99596e-06
0.2 3.52748e-06 3.15903e-06 3.68363e-06
0.4 4.32908e-06 3.91284e-06 4.44408e-06
0.6 4.84009e-06 4.38756e-06 4.92928e-06
1.0 5.45862e-06 4.956e-06 5.52617e-06


# pseudo_NNLO_y_2.0
R central min max
0.03 7.70106e-07 -3.57167e-07 1.29815e-06
0.05 1.54049e-06 5.05678e-07 1.91254e-06
0.1 2.56479e-06 1.64479e-06 2.78276e-06
0.2 3.7047e-06 2.89691e-06 3.80836e-06
0.4 4.84305e-06 4.12287e-06 4.8434e-06
0.6 5.52894e-06 4.8767e-06 5.52894e-06
1.0 6.30295e-06 5.74552e-06 6.30498e-06


# NNLO_mult_y_2.0
R central min max
0.03 -7.96001e-08 5.66441e-07 -6.10168e-07
0.05 8.08424e-07 2.71995e-07 1.23474e-06
0.1 1.98846e-06 1.57674e-06 2.30663e-06
0.2 3.30343e-06 2.92309e-06 3.50498e-06
0.4 4.61707e-06 4.18421e-06 4.73557e-06
0.6 5.40905e-06 4.92376e-06 5.47595e-06
1.0 6.30295e-06 5.74552e-06 6.30498e-06


# NNLO_mult_narrowband_y_2.0
R central min max
0.03 -7.96001e-08 -6.61431e-07 4.14767e-07
0.05 8.08424e-07 2.52303e-07 1.13563e-06
0.1 1.98846e-06 1.47325e-06 2.16793e-06
0.2 3.30343e-06 2.78929e-06 3.37495e-06
0.4 4.61707e-06 4.07781e-06 4.61707e-06
0.6 5.40905e-06 4.85626e-06 5.40905e-06
1.0 6.30295e-06 5.74552e-06 6.30498e-06


# NNLO+LLR_multA_y_2.0
R central min max
0.03 1.50727e-06 7.55708e-07 1.70628e-06
0.05 1.98405e-06 1.22748e-06 2.17513e-06
0.1 2.73472e-06 2.00252e-06 2.90168e-06
0.2 3.68596e-06 3.01212e-06 3.81917e-06
0.4 4.76042e-06 4.13441e-06 4.85109e-06
0.6 5.4593e-06 4.86748e-06 5.51497e-06
1.0 6.30295e-06 5.74552e-06 6.30498e-06


# NNLO+LLR_multA_narrowband_y_2.0
R central min max
0.03 1.50727e-06 6.86476e-07 1.77967e-06
0.05 1.98405e-06 1.13497e-06 2.21091e-06
0.1 2.73472e-06 1.89312e-06 2.91555e-06
0.2 3.68596e-06 2.90271e-06 3.78584e-06
0.4 4.76042e-06 4.05042e-06 4.76664e-06
0.6 5.4593e-06 4.81206e-06 5.4593e-06
1.0 6.30295e-06 5.74552e-06 6.30498e-06


# NNLO+LLR_multB_y_2.0
R central min max
0.03 1.39109e-06 1.07126e-06 1.66215e-06
0.05 1.87217e-06 1.53615e-06 2.12775e-06
0.1 2.6333e-06 2.28926e-06 2.85793e-06
0.2 3.6133e-06 3.23872e-06 3.77856e-06
0.4 4.72113e-06 4.28449e-06 4.82765e-06
0.6 5.44348e-06 4.95605e-06 5.50641e-06
1.0 6.30295e-06 5.74552e-06 6.30498e-06


# NNLO+LLR_multB_narrowband_y_2.0
R central min max
0.03 1.39109e-06 9.98946e-07 1.55623e-06
0.05 1.87217e-06 1.44006e-06 2.01787e-06
0.1 2.6333e-06 2.16958e-06 2.7414e-06
0.2 3.6133e-06 3.11559e-06 3.65633e-06
0.4 4.72113e-06 4.18714e-06 4.72113e-06
0.6 5.44348e-06 4.89249e-06 5.44348e-06
1.0 6.30295e-06 5.74552e-06 6.30498e-06


# NNLO+LLR_combined_y_2.0
R central min max
0.03 1.50727e-06 7.55708e-07 1.70628e-06
0.05 1.98405e-06 1.22748e-06 2.17513e-06
0.1 2.73472e-06 2.00252e-06 2.90168e-06
0.2 3.68596e-06 3.01212e-06 3.81917e-06
0.4 4.76042e-06 4.13441e-06 4.85109e-06
0.6 5.4593e-06 4.86748e-06 5.51497e-06
1.0 6.30295e-06 5.74552e-06 6.30498e-06


# NNLO+LLR_R015_y_2.0
R central min max
0.03 1.52074e-06 9.17437e-07 1.72906e-06
0.05 1.99325e-06 1.38019e-06 2.20119e-06
0.1 2.73878e-06 2.14076e-06 2.93403e-06
0.2 3.67736e-06 3.12572e-06 3.85232e-06
0.4 4.73825e-06 4.2255e-06 4.87426e-06
0.6 5.42699e-06 4.94237e-06 5.53035e-06
1.0 6.25908e-06 5.6976e-06 6.31411e-06


# NNLO+LLR_R015_multB_y_2.0
R central min max
0.03 1.413e-06 1.08977e-06 1.68948e-06
0.05 1.89226e-06 1.54716e-06 2.1579e-06
0.1 2.65257e-06 2.29131e-06 2.89318e-06
0.2 3.62732e-06 3.22972e-06 3.81748e-06
0.4 4.72995e-06 4.2681e-06 4.8728e-06
0.6 5.44768e-06 4.93515e-06 5.5592e-06
1.0 6.30064e-06 5.72005e-06 6.38142e-06


# NNLO+LLR_mexpB_y_2.0
R central min max
0.03 1.51559e-06 1.13922e-06 1.67353e-06
0.05 1.9699e-06 1.55032e-06 2.11081e-06
0.1 2.69836e-06 2.23981e-06 2.80369e-06
0.2 3.64026e-06 3.14367e-06 3.68341e-06
0.4 4.72703e-06 4.19335e-06 4.72703e-06
0.6 5.44372e-06 4.89279e-06 5.44372e-06
1.0 6.30295e-06 5.74552e-06 6.30498e-06


# LO_y_2.5
R central min max
0.03 0.000167887 0.000116487 0.000249905
0.05 0.000167887 0.000116487 0.000249905
0.1 0.000167887 0.000116487 0.000249905
0.2 0.000167887 0.000116487 0.000249905
0.4 0.000167887 0.000116487 0.000249905
0.6 0.000167887 0.000116487 0.000249905
1.0 0.000167887 0.000116487 0.000249905


# NLO_y_2.5
R central min max
0.03 1.3539e-05 -0.000103084 5.75316e-05
0.05 3.52855e-05 -6.73437e-05 7.13403e-05
0.1 6.47659e-05 -1.89274e-05 9.00731e-05
0.2 9.44218e-05 2.97874e-05 0.000108912
0.4 0.000124546 7.92619e-05 0.000130374
0.6 0.000142359 0.000108501 0.000144319
1.0 0.000162732 0.000142002 0.000162732


# NLO_match_y_2.5
R central min max
0.03 1.81198e-05 2.96079e-06 3.03535e-05
0.05 3.91986e-05 2.54706e-05 4.96442e-05
0.1 6.77739e-05 5.46868e-05 7.58138e-05
0.2 9.65192e-05 8.24404e-05 0.000102131
0.4 0.000125719 0.00010925 0.000128865
0.6 0.000142985 0.000124654 0.000144679
1.0 0.000162732 0.000142002 0.000162732


# NLO_match_narrowband_y_2.5
R central min max
0.03 1.81198e-05 2.73787e-06 2.9051e-05
0.05 3.91986e-05 2.30466e-05 4.81785e-05
0.1 6.77739e-05 5.05579e-05 7.41085e-05
0.2 9.65192e-05 7.82389e-05 0.000100192
0.4 0.000125719 0.000106352 0.000126688
0.6 0.000142985 0.000122966 0.000142985
1.0 0.000162732 0.000142002 0.000162732


# NLO+LLR_y_2.5
R central min max
0.03 5.41743e-05 4.46195e-05 6.06412e-05
0.05 6.60543e-05 5.56431e-05 7.21961e-05
0.1 8.4191e-05 7.23487e-05 8.95924e-05
0.2 0.000104857 9.11925e-05 0.000109149
0.4 0.000128511 0.000112667 0.000131282
0.6 0.000143874 0.000126569 0.000145535
1.0 0.000162732 0.000142002 0.000162732


# NLO+LLR_narrowband_y_2.5
R central min max
0.03 5.41743e-05 4.15303e-05 5.93788e-05
0.05 6.60543e-05 5.21663e-05 7.07271e-05
0.1 8.4191e-05 6.86272e-05 8.78451e-05
0.2 0.000104857 8.77155e-05 0.000107115
0.4 0.000128511 0.000110096 0.000128903
0.6 0.000143874 0.000124914 0.000143874
1.0 0.000162732 0.000142002 0.000162732


# NLO+LLR_mB_y_2.5
R central min max
0.03 5.41485e-05 4.42156e-05 6.05451e-05
0.05 6.60271e-05 5.51547e-05 7.20954e-05
0.1 8.41642e-05 7.1792e-05 8.95013e-05
0.2 0.00010483 9.05784e-05 0.000109062
0.4 0.000128476 0.000111797 0.000131167
0.6 0.000143827 0.000125409 0.000145386
1.0 0.000162732 0.000142002 0.000162732


# NLO+LLR_mB_narrowband_y_2.5
R central min max
0.03 5.41485e-05 4.10139e-05 5.947e-05
0.05 6.60271e-05 5.16042e-05 7.08208e-05
0.1 8.41642e-05 6.80549e-05 8.79353e-05
0.2 0.00010483 8.71312e-05 0.000107203
0.4 0.000128476 0.000109302 0.000129018
0.6 0.000143827 0.000123864 0.000143827
1.0 0.000162732 0.000142002 0.000162732


# NLO+LLR_R015_y_2.5
R central min max
0.03 5.03729e-05 4.09814e-05 5.77214e-05
0.05 6.24283e-05 5.24568e-05 6.96063e-05
0.1 8.09732e-05 7.02239e-05 8.76243e-05
0.2 0.000102223 9.05418e-05 0.000108016
0.4 0.000126604 0.000113558 0.000131273
0.6 0.000142452 0.000128302 0.000146425
1.0 0.000162209 0.00014695 0.000165114


# NLO+LLR_R015_mB_y_2.5
R central min max
0.03 5.04318e-05 4.14476e-05 5.7436e-05
0.05 6.24991e-05 5.3041e-05 6.92491e-05
0.1 8.10614e-05 7.09526e-05 8.71544e-05
0.2 0.000102331 9.14086e-05 0.000107369
0.4 0.000126739 0.000114605 0.00013027
0.6 0.000142608 0.000129475 0.000145027
1.0 0.00016236 0.000147741 0.000163269


# pseudo_NNLO_y_2.5
R central min max
0.03 1.45386e-05 -1.82071e-05 3.17605e-05
0.05 3.80013e-05 6.93059e-06 5.14012e-05
0.1 6.73797e-05 3.52104e-05 7.66294e-05
0.2 0.000102873 7.29099e-05 0.000108183
0.4 0.00013896 0.000110999 0.000140938
0.6 0.000161078 0.000134507 0.000161078
1.0 0.000187142 0.000163303 0.000187142


# NNLO_mult_y_2.5
R central min max
0.03 -1.03635e-05 7.34962e-06 -2.43233e-05
0.05 1.65344e-05 2.19773e-06 2.83312e-05
0.1 5.02913e-05 3.74701e-05 5.96114e-05
0.2 9.08707e-05 7.69665e-05 9.72672e-05
0.4 0.000132127 0.000114721 0.000135844
0.6 0.000157392 0.000137168 0.00015961
1.0 0.000187142 0.000163303 0.000187142


# NNLO_mult_narrowband_y_2.5
R central min max
0.03 -1.03635e-05 -2.44571e-05 3.36564e-06
0.05 1.65344e-05 2.05351e-06 2.65135e-05
0.1 5.02913e-05 3.41937e-05 5.67753e-05
0.2 9.08707e-05 7.25736e-05 9.44886e-05
0.4 0.000132127 0.000111422 0.000133045
0.6 0.000157392 0.000135033 0.000157392
1.0 0.000187142 0.000163303 0.000187142


# NNLO+LLR_multA_y_2.5
R central min max
0.03 3.96348e-05 1.50187e-05 4.61637e-05
0.05 5.36539e-05 2.84324e-05 6.002e-05
0.1 7.49801e-05 4.83292e-05 8.08458e-05
0.2 0.000103457 7.753e-05 0.000108099
0.4 0.000136812 0.000111803 0.000139762
0.6 0.000159056 0.000134487 0.000160892
1.0 0.000187142 0.000163303 0.000187142


# NNLO+LLR_multA_narrowband_y_2.5
R central min max
0.03 3.96348e-05 1.35139e-05 4.94022e-05
0.05 5.36539e-05 2.60071e-05 6.22417e-05
0.1 7.49801e-05 4.52831e-05 8.21608e-05
0.2 0.000103457 7.42495e-05 0.000108442
0.4 0.000136812 0.000109156 0.000138909
0.6 0.000159056 0.000132705 0.000159084
1.0 0.000187142 0.000163303 0.000187142


# NNLO+LLR_multB_y_2.5
R central min max
0.03 3.71752e-05 2.76644e-05 4.45029e-05
0.05 5.12423e-05 4.08269e-05 5.8447e-05
0.1 7.26204e-05 6.0683e-05 7.91754e-05
0.2 0.000101637 8.73011e-05 0.000106835
0.4 0.000135745 0.000118004 0.000139083
0.6 0.000158575 0.000138224 0.000160656
1.0 0.000187142 0.000163303 0.000187142


# NNLO+LLR_multB_narrowband_y_2.5
R central min max
0.03 3.71752e-05 2.52423e-05 4.23331e-05
0.05 5.12423e-05 3.76325e-05 5.61032e-05
0.1 7.26204e-05 5.67859e-05 7.67853e-05
0.2 0.000101637 8.33181e-05 0.000104265
0.4 0.000135745 0.000114991 0.00013635
0.6 0.000158575 0.000136215 0.000158575
1.0 0.000187142 0.000163303 0.000187142


# NNLO+LLR_combined_y_2.5
R central min max
0.03 3.96348e-05 1.50187e-05 4.61637e-05
0.05 5.36539e-05 2.84324e-05 6.002e-05
0.1 7.49801e-05 4.83292e-05 8.08458e-05
0.2 0.000103457 7.753e-05 0.000108099
0.4 0.000136812 0.000111803 0.000139762
0.6 0.000159056 0.000134487 0.000160892
1.0 0.000187142 0.000163303 0.000187142


# NNLO+LLR_R015_y_2.5
R central min max
0.03 4.03891e-05 2.06763e-05 4.69971e-05
0.05 5.4307e-05 3.38417e-05 6.10715e-05
0.1 7.5641e-05 5.37139e-05 8.21075e-05
0.2 0.000103692 8.21168e-05 0.000109364
0.4 0.000136529 0.000115513 0.000140966
0.6 0.000158372 0.000137598 0.000161786
1.0 0.00018592 0.000165423 0.000187607


# NNLO+LLR_R015_multB_y_2.5
R central min max
0.03 3.77812e-05 2.87379e-05 4.53673e-05
0.05 5.1816e-05 4.21945e-05 5.93829e-05
0.1 7.33038e-05 6.29345e-05 8.03358e-05
0.2 0.000102178 9.07298e-05 0.000108023
0.4 0.000136122 0.000122952 0.000140291
0.6 0.000158802 0.000144102 0.000161842
1.0 0.000187136 0.000170275 0.000188334


# NNLO+LLR_mexpB_y_2.5
R central min max
0.03 4.13599e-05 2.94008e-05 4.64709e-05
0.05 5.462e-05 4.09428e-05 5.94407e-05
0.1 7.52105e-05 5.92983e-05 7.93128e-05
0.2 0.000102916 8.45369e-05 0.000105537
0.4 0.000136123 0.000115339 0.000136734
0.6 0.000158646 0.000136282 0.000158646
1.0 0.000187142 0.000163303 0.000187142


