# integrated_xsct_v_R_simple_K110.sh
# LO_y_0.0
R central min max
0.03 154.556 122.121 199.006
0.05 154.556 122.121 199.006
0.1 154.556 122.121 199.006
0.2 154.556 122.121 199.006
0.4 154.556 122.121 199.006
0.6 154.556 122.121 199.006
1.0 154.556 122.121 199.006


# NLO_y_0.0
R central min max
0.03 32.1574 -28.8203 62.1096
0.05 54.9321 3.79621 78.4418
0.1 85.6908 47.8477 100.499
0.2 116.682 92.2357 122.739
0.4 148.539 137.864 149.996
0.6 168.407 159.805 169.363
1.0 196.676 180.053 207.266


# NLO_mult_y_0.0
R central min max
0.03 -12.6541 -32.797 11.8951
0.05 16.3233 -4.95174 33.6029
0.1 55.4604 38.173 69.3052
0.2 94.8928 80.4463 105.904
0.4 135.427 121.879 144.795
0.6 160.707 146.47 170.026
1.0 196.676 180.053 207.266


# NLO_mult_narrowband_y_0.0
R central min max
0.03 -12.6541 -39.2834 6.82117
0.05 16.3233 -5.15624 31.0686
0.1 55.4604 40.9369 63.8167
0.2 94.8928 87.3715 96.9157
0.4 135.427 129.21 136.833
0.6 160.707 150.204 164.895
1.0 196.676 180.053 207.266


# NLO+LLR_y_0.0
R central min max
0.03 55.4418 45.596 63.8319
0.05 68.5303 58.2434 76.8916
0.1 89.2899 78.5914 97.3021
0.2 114.035 102.953 121.448
0.4 143.722 131.745 150.792
0.6 164.421 151.176 172.071
1.0 196.676 180.053 207.266


# NLO+LLR_narrowband_y_0.0
R central min max
0.03 55.4418 48.2034 59.3724
0.05 68.5303 61.7915 71.4205
0.1 89.2899 83.8674 90.3326
0.2 114.035 110.402 115.062
0.4 143.722 136.288 144.941
0.6 164.421 153.672 168.608
1.0 196.676 180.053 207.266


# NLO+LLR_mB_y_0.0
R central min max
0.03 54.6907 44.4265 63.5952
0.05 67.6184 56.7503 76.6816
0.1 88.1129 76.553 97.1852
0.2 112.586 100.347 121.529
0.4 142.152 128.909 151.109
0.6 163.094 148.831 172.38
1.0 196.676 180.053 207.266


# NLO+LLR_mB_narrowband_y_0.0
R central min max
0.03 54.6907 47.9933 58.3706
0.05 67.6184 61.5358 70.2399
0.1 88.1129 83.5442 89.1132
0.2 112.586 108.94 113.781
0.4 142.152 134.286 143.967
0.6 163.094 152.002 168.044
1.0 196.676 180.053 207.266


# NLO+LLR_R015_y_0.0
R central min max
0.03 50.7618 40.0641 60.2994
0.05 63.5807 52.1191 73.4792
0.1 84.0565 71.6678 94.2966
0.2 108.626 95.2906 119.195
0.4 138.219 123.499 149.584
0.6 158.82 142.675 171.382
1.0 190.656 171.191 206.766


# NLO+LLR_R015_mB_y_0.0
R central min max
0.03 48.8056 37.6271 59.2319
0.05 61.1534 48.955 72.3161
0.1 80.8628 67.307 93.0349
0.2 104.577 89.5997 117.898
0.4 133.446 116.744 148.301
0.6 154.033 135.969 170.165
1.0 187.293 166.622 205.879


# pseudo_NNLO_y_0.0
R central min max
0.03 8.4836 8.02208 14.9318
0.05 32.5015 32.3223 37.0965
0.1 66.9929 66.3885 68.8191
0.2 103.636 101.183 104.208
0.4 145.199 137.694 148.273
0.6 172.943 161.556 178.708
1.0 216.343 198.059 227.993


# NNLO_mult_y_0.0
R central min max
0.03 -11.8546 -10.5229 -17.0826
0.05 13.0764 11.8125 16.3276
0.1 49.6228 45.1999 54.2501
0.2 89.0941 81.085 95.3559
0.4 135.121 123.356 143.122
0.6 166.377 152.142 175.641
1.0 216.343 198.059 227.993


# NNLO_mult_narrowband_y_0.0
R central min max
0.03 -11.8546 -12.921 -6.04721
0.05 13.0764 12.6349 16.8799
0.1 49.6228 48.719 51.4043
0.2 89.0941 85.0528 91.3637
0.4 135.121 126.693 139.588
0.6 166.377 154.435 173.129
1.0 216.343 198.059 227.993


# NNLO+LLR_multA_y_0.0
R central min max
0.03 42.6869 35.5901 49.1167
0.05 56.6888 48.7282 63.6617
0.1 79.9971 70.9517 87.3508
0.2 108.739 98.6187 116.317
0.4 145.345 133.465 153.386
0.6 171.955 158.199 180.769
1.0 216.343 198.059 227.993


# NNLO+LLR_multA_narrowband_y_0.0
R central min max
0.03 42.6869 35.9317 47.0106
0.05 56.6888 50.5482 60.0159
0.1 79.9971 74.7493 81.3384
0.2 108.739 105.507 109.242
0.4 145.345 138.087 147.279
0.6 171.955 160.813 177.174
1.0 216.343 198.059 227.993


# NNLO+LLR_multB_y_0.0
R central min max
0.03 35.2134 30.4027 39.9901
0.05 49.023 43.3756 54.3409
0.1 72.4636 64.9053 78.537
0.2 101.757 92.2151 108.728
0.4 139.914 127.654 148.159
0.6 168.111 153.717 177.459
1.0 216.343 198.059 227.993


# NNLO+LLR_multB_narrowband_y_0.0
R central min max
0.03 35.2134 33.0881 36.6247
0.05 49.023 47.4898 49.7613
0.1 72.4636 70.4446 73.0918
0.2 101.757 96.936 102.979
0.4 139.914 131.095 144.127
0.6 168.111 156 174.827
1.0 216.343 198.059 227.993


# NNLO+LLR_combined_y_0.0
R central min max
0.03 42.6869 35.1999 49.1167
0.05 56.6888 48.7282 63.6617
0.1 79.9971 70.9517 87.3508
0.2 108.739 98.6187 116.317
0.4 145.345 133.465 153.386
0.6 171.955 158.199 180.769
1.0 216.343 198.059 227.993


# NNLO+LLR_R015_y_0.0
R central min max
0.03 43.4984 31.1982 51.7743
0.05 57.5408 44.3175 66.6988
0.1 80.8685 66.8025 90.9238
0.2 109.616 95.0325 120.489
0.4 146.037 131.091 157.908
0.6 172.402 155.633 185.244
1.0 216.049 195.051 231.777


# NNLO+LLR_R015_multB_y_0.0
R central min max
0.03 31.1982 26.1775 36.5549
0.05 44.3177 38.0973 50.796
0.1 66.8071 58.0435 75.1818
0.2 95.0991 83.558 105.859
0.4 132.312 117.087 146.244
0.6 160.045 142.038 176.381
1.0 208.154 185.298 228.757


# NNLO+LLR_mexpB_y_0.0
R central min max
0.03 40.7617 37.3296 42.7869
0.05 53.9827 51.3042 55.1473
0.1 76.4377 74.3201 77.1635
0.2 104.672 99.9678 105.632
0.4 141.481 132.657 145.466
0.6 168.849 156.715 175.484
1.0 216.343 198.059 227.993


# LO_y_0.5
R central min max
0.03 143.009 112.854 184.432
0.05 143.009 112.854 184.432
0.1 143.009 112.854 184.432
0.2 143.009 112.854 184.432
0.4 143.009 112.854 184.432
0.6 143.009 112.854 184.432
1.0 143.009 112.854 184.432


# NLO_y_0.5
R central min max
0.03 30.5747 -25.9823 58.1604
0.05 51.4447 3.97569 73.0985
0.1 79.7142 44.5486 93.3358
0.2 108.188 85.4182 113.739
0.4 137.525 127.524 138.885
0.6 155.837 147.819 156.71
1.0 181.85 166.419 191.6


# NLO_mult_y_0.5
R central min max
0.03 -10.4856 -29.0491 11.9935
0.05 16.0485 -3.51011 31.9312
0.1 51.9912 36.0687 64.7286
0.2 88.1943 74.8432 98.3383
0.4 125.494 112.927 134.128
0.6 148.776 135.555 157.363
1.0 181.85 166.419 191.6


# NLO_mult_narrowband_y_0.5
R central min max
0.03 -10.4856 -34.8716 7.3155
0.05 16.0485 -3.63064 29.5221
0.1 51.9912 38.6878 59.6026
0.2 88.1943 81.3043 90.0176
0.4 125.494 119.68 126.79
0.6 148.776 138.996 152.648
1.0 181.85 166.419 191.6


# NLO+LLR_y_0.5
R central min max
0.03 51.9442 42.8146 59.6878
0.05 63.9994 54.4822 71.6963
0.1 83.1075 73.2174 90.467
0.2 105.844 95.5938 112.641
0.4 133.146 122.043 139.633
0.6 152.197 139.9 159.231
1.0 181.85 166.419 191.6


# NLO+LLR_narrowband_y_0.5
R central min max
0.03 51.9442 45.2222 55.5355
0.05 63.9994 57.7357 66.6231
0.1 83.1075 78.0423 84.046
0.2 105.844 102.367 106.778
0.4 133.146 126.216 134.277
0.6 152.197 142.196 156.057
1.0 181.85 166.419 191.6


# NLO+LLR_mB_y_0.5
R central min max
0.03 51.2289 41.6946 59.4662
0.05 63.1292 53.0506 71.4993
0.1 81.9913 71.2765 90.3609
0.2 104.476 93.1253 112.723
0.4 131.679 119.385 139.937
0.6 150.968 137.721 159.525
1.0 181.85 166.419 191.6


# NLO+LLR_mB_narrowband_y_0.5
R central min max
0.03 51.2289 45.0452 54.5815
0.05 63.1292 57.5301 65.4969
0.1 81.9913 77.7917 82.9006
0.2 104.476 101.037 105.574
0.4 131.679 124.343 133.369
0.6 150.968 140.644 155.538
1.0 181.85 166.419 191.6


# NLO+LLR_R015_y_0.5
R central min max
0.03 47.6583 37.714 56.4814
0.05 59.4855 48.8609 68.616
0.1 78.3488 66.883 87.7733
0.2 100.932 88.5936 110.644
0.4 128.143 114.505 138.589
0.6 147.094 132.121 158.655
1.0 176.352 158.297 191.201


# NLO+LLR_R015_mB_y_0.5
R central min max
0.03 45.8102 35.3997 55.4891
0.05 57.194 45.8606 67.5372
0.1 75.35 62.7736 86.6138
0.2 97.1469 83.2574 109.464
0.4 123.712 108.221 137.442
0.6 142.674 125.915 157.579
1.0 173.258 154.084 190.417


# pseudo_NNLO_y_0.5
R central min max
0.03 12.2084 11.5838 17.1384
0.05 32.325 31.9356 36.2111
0.1 63.0726 62.2035 64.7494
0.2 96.5531 94.0612 97.2023
0.4 134.452 127.25 137.162
0.6 160.329 149.407 165.733
1.0 200.035 183.061 210.76


# NNLO_mult_y_0.5
R central min max
0.03 -5.22823 -4.68541 -7.91932
0.05 14.9865 13.6112 17.9306
0.1 47.2584 42.9518 51.6957
0.2 83.2729 75.7316 89.1669
0.4 125.142 114.168 132.558
0.6 154.38 141.135 162.934
1.0 200.035 183.061 210.76


# NNLO_mult_narrowband_y_0.5
R central min max
0.03 -5.22823 -5.65912 -2.05227
0.05 14.9865 14.4636 17.3299
0.1 47.2584 45.9382 48.6518
0.2 83.2729 79.267 85.2552
0.4 125.142 116.939 129.138
0.6 154.38 142.792 160.672
1.0 200.035 183.061 210.76


# NNLO+LLR_multA_y_0.5
R central min max
0.03 41.0025 34.1999 47.0072
0.05 53.4661 45.9856 59.8348
0.1 74.6849 66.2531 81.4321
0.2 101.097 91.6561 108.037
0.4 134.599 123.442 141.905
0.6 159.389 146.34 167.573
1.0 200.035 183.061 210.76


# NNLO+LLR_multA_narrowband_y_0.5
R central min max
0.03 41.0025 34.696 44.7739
0.05 53.4661 47.3527 56.4659
0.1 74.6849 69.7416 75.9143
0.2 101.097 97.9286 101.539
0.4 134.599 127.67 136.297
0.6 159.389 148.737 164.274
1.0 200.035 183.061 210.76


# NNLO+LLR_multB_y_0.5
R central min max
0.03 34.4142 29.5093 38.9131
0.05 46.5279 40.8109 51.5337
0.1 67.7744 60.6375 73.4747
0.2 94.6914 85.7612 101.198
0.4 129.555 118.133 137.182
0.6 155.923 142.533 164.552
1.0 200.035 183.061 210.76


# NNLO+LLR_multB_narrowband_y_0.5
R central min max
0.03 34.4142 32.1278 35.6654
0.05 46.5279 44.5397 47.2445
0.1 67.7744 65.7443 68.3658
0.2 94.6914 90.0552 95.7588
0.4 129.555 121.065 133.358
0.6 155.923 144.243 162.168
1.0 200.035 183.061 210.76


# NNLO+LLR_combined_y_0.5
R central min max
0.03 41.0025 34.1893 47.0072
0.05 53.4661 45.9856 59.8348
0.1 74.6849 66.2531 81.4321
0.2 101.097 91.6561 108.037
0.4 134.599 123.442 141.905
0.6 159.389 146.34 167.573
1.0 200.035 183.061 210.76


# NNLO+LLR_R015_y_0.5
R central min max
0.03 41.6198 30.6882 49.273
0.05 54.2106 42.1716 62.5485
0.1 75.4961 62.5403 84.7147
0.2 101.918 88.4949 111.879
0.4 135.271 121.319 146.096
0.6 159.797 144.017 171.665
1.0 199.78 180.307 214.245


# NNLO+LLR_R015_multB_y_0.5
R central min max
0.03 30.6882 25.5601 35.8011
0.05 42.1719 35.9029 48.3184
0.1 62.5468 54.27 70.417
0.2 88.5572 77.7551 98.603
0.4 122.549 108.369 135.452
0.6 148.533 131.794 163.656
1.0 192.527 171.322 211.55


# NNLO+LLR_mexpB_y_0.5
R central min max
0.03 39.1145 35.7318 40.9158
0.05 50.945 48.0867 52.0062
0.1 71.4086 69.2094 72.084
0.2 97.364 92.8537 98.2832
0.4 131.023 122.565 134.63
0.6 156.579 144.915 162.747
1.0 200.035 183.061 210.76


# LO_y_1.0
R central min max
0.03 121.948 96.0003 157.74
0.05 121.948 96.0003 157.74
0.1 121.948 96.0003 157.74
0.2 121.948 96.0003 157.74
0.4 121.948 96.0003 157.74
0.6 121.948 96.0003 157.74
1.0 121.948 96.0003 157.74


# NLO_y_1.0
R central min max
0.03 28.3857 -19.6005 51.4116
0.05 45.8711 5.59588 63.8879
0.1 69.484 39.6275 80.7337
0.2 93.2355 73.8617 97.7039
0.4 117.727 109.161 118.887
0.6 133.041 126.069 133.771
1.0 154.93 141.669 163.195


# NLO_mult_y_1.0
R central min max
0.03 -5.82002 -21.6458 12.6341
0.05 16.3914 0.0328965 29.6693
0.1 46.387 32.9994 57.0644
0.2 76.5587 65.222 85.1061
0.4 107.67 96.8895 114.989
0.6 127.124 115.753 134.413
1.0 154.93 141.669 163.195


# NLO_mult_narrowband_y_1.0
R central min max
0.03 -5.82002 -26.0278 8.82664
0.05 16.3914 0.114583 27.4193
0.1 46.387 35.4166 52.5279
0.2 76.5587 70.9063 77.9286
0.4 107.67 102.54 108.784
0.6 127.124 118.652 130.458
1.0 154.93 141.669 163.195


# NLO+LLR_y_1.0
R central min max
0.03 45.6964 37.8218 52.3109
0.05 55.9618 47.7818 62.5099
0.1 72.1093 63.6251 78.3461
0.2 91.207 82.4067 96.9556
0.4 114.07 104.52 119.556
0.6 130.013 119.438 135.96
1.0 154.93 141.669 163.195


# NLO+LLR_narrowband_y_1.0
R central min max
0.03 45.6964 39.9065 48.6576
0.05 55.9618 50.601 58.0677
0.1 72.1093 67.796 72.8165
0.2 91.207 88.189 91.9885
0.4 114.07 108.017 115.05
0.6 130.013 121.365 133.313
1.0 154.93 141.669 163.195


# NLO+LLR_mB_y_1.0
R central min max
0.03 45.0789 36.8436 52.1292
0.05 55.2186 46.546 62.3544
0.1 71.1596 61.9605 78.2715
0.2 90.0402 80.2903 97.0406
0.4 112.814 102.238 119.826
0.6 128.954 117.557 136.219
1.0 154.93 141.669 163.195


# NLO+LLR_mB_narrowband_y_1.0
R central min max
0.03 45.0789 39.8094 47.8369
0.05 55.2186 50.4879 57.1111
0.1 71.1596 67.6265 71.9168
0.2 90.0402 86.9348 90.9737
0.4 112.814 106.407 114.32
0.6 128.954 120.025 132.87
1.0 154.93 141.669 163.195


# NLO+LLR_R015_y_1.0
R central min max
0.03 42.0789 33.4626 49.65
0.05 52.182 43.0233 59.981
0.1 68.1569 58.3124 76.1692
0.2 87.1482 76.5688 95.3768
0.4 109.943 98.2494 118.77
0.6 125.8 112.965 135.561
1.0 150.369 134.89 162.951


# NLO+LLR_R015_mB_y_1.0
R central min max
0.03 40.4697 31.4242 48.8196
0.05 50.2046 40.4068 59.0926
0.1 65.5848 54.7591 75.2293
0.2 83.9089 71.9764 94.4317
0.4 106.156 92.8572 117.865
0.6 122.023 107.642 134.716
1.0 147.744 131.304 162.334


# pseudo_NNLO_y_1.0
R central min max
0.03 12.5839 12.41 17.0283
0.05 31.1602 30.9727 34.0371
0.1 56.4323 56.2019 57.619
0.2 83.6505 81.438 84.2172
0.4 115.399 109.284 117.766
0.6 137.089 127.856 141.683
1.0 170.424 155.836 179.514


# NNLO_mult_y_1.0
R central min max
0.03 -2.32902 -2.20792 -2.24842
0.05 17.021 15.5424 19.4486
0.1 43.4141 39.5773 47.1589
0.2 72.477 65.8983 77.5214
0.4 107.588 98.0922 113.903
0.6 132.113 120.677 139.394
1.0 170.424 155.836 179.514


# NNLO_mult_narrowband_y_1.0
R central min max
0.03 -2.32902 -2.48928 0.583834
0.05 17.021 16.8077 18.9677
0.1 43.4141 42.3009 44.8553
0.2 72.477 69.0372 74.1323
0.4 107.588 100.748 111.032
0.6 132.113 122.462 137.436
1.0 170.424 155.836 179.514


# NNLO+LLR_multA_y_1.0
R central min max
0.03 36.2293 30.374 41.3772
0.05 47.5097 40.9664 53.0522
0.1 65.4237 58.1262 71.2506
0.2 87.302 79.2278 93.1524
0.4 115.463 105.986 121.658
0.6 136.28 125.229 143.195
1.0 170.424 155.836 179.514


# NNLO+LLR_multA_narrowband_y_1.0
R central min max
0.03 36.2293 30.6402 39.4638
0.05 47.5097 42.4629 49.8748
0.1 65.4237 61.4412 66.2903
0.2 87.302 84.579 87.7153
0.4 115.463 109.547 116.974
0.6 136.28 127.251 140.441
1.0 170.424 155.836 179.514


# NNLO+LLR_multB_y_1.0
R central min max
0.03 30.5167 26.1512 34.4508
0.05 41.7647 36.7058 46.0781
0.1 59.6937 53.4709 64.564
0.2 81.8714 74.1238 87.423
0.4 111.209 101.339 117.7
0.6 133.372 121.816 140.715
1.0 170.424 155.836 179.514


# NNLO+LLR_multB_narrowband_y_1.0
R central min max
0.03 30.5167 28.4694 31.585
0.05 41.7647 40.1494 42.315
0.1 59.6937 57.8791 60.3204
0.2 81.8714 77.8537 82.8032
0.4 111.209 104.064 114.49
0.6 133.372 123.6 138.661
1.0 170.424 155.836 179.514


# NNLO+LLR_combined_y_1.0
R central min max
0.03 36.2293 30.2662 41.3772
0.05 47.5097 40.9664 53.0522
0.1 65.4237 58.1262 71.2506
0.2 87.302 79.2278 93.1524
0.4 115.463 105.986 121.658
0.6 136.28 125.229 143.195
1.0 170.424 155.836 179.514


# NNLO+LLR_R015_y_1.0
R central min max
0.03 36.7672 27.2998 43.2912
0.05 48.0752 38.0781 55.3081
0.1 66.0763 55.3189 74.0006
0.2 88.0214 76.7004 96.4101
0.4 116.053 104.214 125.189
0.6 136.645 123.281 146.637
1.0 170.237 153.546 182.451


# NNLO+LLR_R015_multB_y_1.0
R central min max
0.03 27.2999 22.7066 31.816
0.05 38.0793 32.4964 43.4802
0.1 55.3266 48.0949 62.1584
0.2 76.7653 67.4059 85.3986
0.4 105.428 93.1899 116.474
0.6 127.302 112.875 140.228
1.0 164.286 146.092 180.467


# NNLO+LLR_mexpB_y_1.0
R central min max
0.03 34.5665 31.6287 36.0645
0.05 45.285 42.9309 46.0824
0.1 62.611 60.8681 63.2734
0.2 84.1152 80.1795 84.9621
0.4 112.437 105.282 115.556
0.6 133.918 124.129 139.147
1.0 170.424 155.836 179.514


# LO_y_1.5
R central min max
0.03 94.8018 74.3438 123.184
0.05 94.8018 74.3438 123.184
0.1 94.8018 74.3438 123.184
0.2 94.8018 74.3438 123.184
0.4 94.8018 74.3438 123.184
0.6 94.8018 74.3438 123.184
1.0 94.8018 74.3438 123.184


# NLO_y_1.5
R central min max
0.03 24.8753 -12.0151 42.1354
0.05 37.8389 6.78113 51.3369
0.1 55.5486 32.4659 63.9045
0.2 73.4637 58.4437 76.6514
0.4 91.8993 85.1778 92.7905
0.6 103.492 97.9301 104.031
1.0 120.105 109.712 126.409


# NLO_mult_y_1.5
R central min max
0.03 -0.534024 -12.6756 13.0561
0.05 15.8886 3.54548 25.8976
0.1 38.3237 28.1298 46.4099
0.2 61.0188 52.2669 67.5259
0.4 84.3734 75.9341 89.976
0.6 99.0591 90.1305 104.639
1.0 120.105 109.712 126.409


# NLO_mult_narrowband_y_1.5
R central min max
0.03 -0.534024 -15.4834 10.1609
0.05 15.8886 3.82261 23.916
0.1 38.3237 30.19 42.7064
0.2 61.0188 56.8123 61.8996
0.4 84.3734 80.1907 85.2695
0.6 99.0591 92.3282 101.655
1.0 120.105 109.712 126.409


# NLO+LLR_y_1.5
R central min max
0.03 37.1681 30.9387 42.3195
0.05 45.0563 38.6488 50.0967
0.1 57.4043 50.7954 62.1538
0.2 71.9322 65.066 76.2851
0.4 89.1975 81.7212 93.3398
0.6 101.252 92.957 105.763
1.0 120.105 109.712 126.409


# NLO+LLR_narrowband_y_1.5
R central min max
0.03 37.1681 32.5692 39.3775
0.05 45.0563 40.8198 46.5747
0.1 57.4043 54.0065 57.886
0.2 71.9322 69.4953 72.5404
0.4 89.1975 84.3487 89.9758
0.6 101.252 94.4084 103.785
1.0 120.105 109.712 126.409


# NLO+LLR_mB_y_1.5
R central min max
0.03 36.664 30.1239 42.1853
0.05 44.4382 37.6023 49.982
0.1 56.6217 49.4032 62.108
0.2 70.9935 63.344 76.3743
0.4 88.1981 79.8905 93.5759
0.6 100.421 91.4676 105.982
1.0 120.105 109.712 126.409


# NLO+LLR_mB_narrowband_y_1.5
R central min max
0.03 36.664 32.5142 38.7072
0.05 44.4382 40.7498 45.7811
0.1 56.6217 53.8926 57.2132
0.2 70.9935 68.3849 71.7385
0.4 88.1981 83.0566 89.4073
0.6 100.421 93.3459 103.447
1.0 120.105 109.712 126.409


# NLO+LLR_R015_y_1.5
R central min max
0.03 34.3781 27.5131 40.316
0.05 42.1983 34.9832 48.2397
0.1 54.4692 46.7771 60.6074
0.2 68.9475 60.6971 75.2134
0.4 86.1775 77.056 92.8752
0.6 98.1649 88.1416 105.582
1.0 116.742 104.655 126.361


# NLO+LLR_R015_mB_y_1.5
R central min max
0.03 33.0621 25.816 39.6856
0.05 40.5724 32.7966 47.5675
0.1 52.3769 43.846 59.9152
0.2 66.3601 56.9864 74.5501
0.4 83.1871 72.7575 92.2651
0.6 95.21 83.9411 105.028
1.0 114.709 101.853 125.952


# pseudo_NNLO_y_1.5
R central min max
0.03 12.0069 11.8073 15.2868
0.05 25.0769 24.8061 27.4816
0.1 44.3961 43.5574 45.4829
0.2 65.8768 64.2412 66.3492
0.4 90.3039 85.4048 92.0821
0.6 106.487 99.2612 109.874
1.0 132.116 120.683 139.05


# NNLO_mult_y_1.5
R central min max
0.03 0.150926 0.161688 -0.829064
0.05 13.544 12.318 15.815
0.1 33.8809 30.6267 37.141
0.2 57.154 51.8374 61.1975
0.4 84.3385 76.8332 89.2111
0.6 102.58 93.5996 108.154
1.0 132.116 120.683 139.05


# NNLO_mult_narrowband_y_1.5
R central min max
0.03 0.150926 -0.0288233 1.87648
0.05 13.544 13.2432 14.5956
0.1 33.8809 33.4066 34.3352
0.2 57.154 54.6153 58.1919
0.4 84.3385 78.8661 86.9547
0.6 102.58 95.0077 106.572
1.0 132.116 120.683 139.05


# NNLO+LLR_multA_y_1.5
R central min max
0.03 29.4537 24.8722 33.4219
0.05 37.7825 32.8169 41.8961
0.1 51.5212 46.0511 55.744
0.2 68.6551 62.4941 72.9457
0.4 90.3185 82.8975 94.9792
0.6 105.908 97.3047 111.052
1.0 132.116 120.683 139.05


# NNLO+LLR_multA_narrowband_y_1.5
R central min max
0.03 29.4537 24.8718 32.0072
0.05 37.7825 33.466 39.68
0.1 51.5212 47.961 52.2776
0.2 68.6551 66.4395 69.0298
0.4 90.3185 85.5735 91.467
0.6 105.908 98.8254 108.996
1.0 132.116 120.683 139.05


# NNLO+LLR_multB_y_1.5
R central min max
0.03 24.8396 21.2706 28.03
0.05 33.0054 28.9287 36.4129
0.1 46.7681 41.7798 50.6472
0.2 64.3207 58.1551 68.6723
0.4 87.0214 79.2358 92.0191
0.6 103.566 94.4942 109.185
1.0 132.116 120.683 139.05


# NNLO+LLR_multB_narrowband_y_1.5
R central min max
0.03 24.8396 23.1578 25.716
0.05 33.0054 31.6298 33.459
0.1 46.7681 45.4381 47.2324
0.2 64.3207 61.2156 65.0765
0.4 87.0214 81.3167 89.5351
0.6 103.566 95.8892 107.555
1.0 132.116 120.683 139.05


# NNLO+LLR_combined_y_1.5
R central min max
0.03 29.4537 24.7808 33.4219
0.05 37.7825 32.8169 41.8961
0.1 51.5212 46.0511 55.744
0.2 68.6551 62.4941 72.9457
0.4 90.3185 82.8975 94.9792
0.6 105.908 97.3047 111.052
1.0 132.116 120.683 139.05


# NNLO+LLR_R015_y_1.5
R central min max
0.03 29.8748 22.1966 34.9031
0.05 38.309 30.0106 43.6884
0.1 52.1373 43.2815 57.9364
0.2 69.2785 60.3034 75.4903
0.4 90.8134 81.6109 97.6872
0.6 106.258 95.903 113.719
1.0 132.016 118.991 141.292


# NNLO+LLR_R015_multB_y_1.5
R central min max
0.03 22.1966 18.421 25.8811
0.05 30.0107 25.5227 34.2874
0.1 43.2826 37.4973 48.6958
0.2 60.3466 52.9269 67.1311
0.4 82.6155 72.9925 91.1994
0.6 98.9515 87.6521 108.931
1.0 127.529 113.302 139.996


# NNLO+LLR_mexpB_y_1.5
R central min max
0.03 28.1264 25.7864 29.2859
0.05 36.0486 34.12 36.6509
0.1 49.304 47.8546 49.8031
0.2 66.1562 63.0685 66.9059
0.4 87.9822 82.2659 90.3807
0.6 104.023 96.3267 107.974
1.0 132.116 120.683 139.05


# LO_y_2.0
R central min max
0.03 65.0759 50.6828 85.2227
0.05 65.0759 50.6828 85.2227
0.1 65.0759 50.6828 85.2227
0.2 65.0759 50.6828 85.2227
0.4 65.0759 50.6828 85.2227
0.6 65.0759 50.6828 85.2227
1.0 65.0759 50.6828 85.2227


# NLO_y_2.0
R central min max
0.03 19.1577 -6.03216 30.5339
0.05 27.738 6.52056 36.5768
0.1 39.3457 23.5095 44.7488
0.2 51.0122 40.5838 52.9873
0.4 63.1456 58.3417 63.7363
0.6 70.8328 66.9174 71.1907
1.0 81.9309 74.7254 86.0668


# NLO_mult_y_2.0
R central min max
0.03 2.89329 -6.4511 10.5111
0.05 13.6968 5.53402 20.3123
0.1 28.3121 21.4883 33.6779
0.2 43.0013 37.0279 47.3412
0.4 58.2783 52.4285 62.0046
0.6 67.9573 61.7505 71.6456
1.0 81.9309 74.7254 86.0668


# NLO_mult_narrowband_y_2.0
R central min max
0.03 2.89329 -6.75601 9.65346
0.05 13.6968 5.89913 18.7134
0.1 28.3121 23.0212 30.9699
0.2 43.0013 40.2289 43.5153
0.4 58.2783 55.2355 58.9658
0.6 67.9573 63.2147 69.6673
1.0 81.9309 74.7254 86.0668


# NLO+LLR_y_2.0
R central min max
0.03 26.625 22.2578 30.1678
0.05 32.0671 27.6089 35.4926
0.1 40.4138 35.8482 43.5858
0.2 50.0474 45.3224 52.8914
0.4 61.4559 56.2953 64.1179
0.6 69.4248 63.6839 72.33
1.0 81.9309 74.7254 86.0668


# NLO+LLR_narrowband_y_2.0
R central min max
0.03 26.625 23.327 28.123
0.05 32.0671 29.0593 33.0505
0.1 40.4138 38.0053 40.7695
0.2 50.0474 48.2552 50.5042
0.4 61.4559 58.013 62.0548
0.6 69.4248 64.6329 71.0426
1.0 81.9309 74.7254 86.0668


# NLO+LLR_mB_y_2.0
R central min max
0.03 26.244 21.6259 30.0721
0.05 31.615 26.8213 35.4199
0.1 39.8506 34.8192 43.5712
0.2 49.3685 44.0475 52.9809
0.4 60.7445 54.9648 64.3192
0.6 68.8402 62.6145 72.5141
1.0 81.9309 74.7254 86.0668


# NLO+LLR_mB_narrowband_y_2.0
R central min max
0.03 26.244 23.3135 27.612
0.05 31.615 29.0426 32.462
0.1 39.8506 37.9797 40.3029
0.2 49.3685 47.409 49.9414
0.4 60.7445 57.0759 61.5539
0.6 68.8402 63.872 70.8255
1.0 81.9309 74.7254 86.0668


# NLO+LLR_R015_y_2.0
R central min max
0.03 24.6887 19.8379 28.7996
0.05 30.1265 25.0756 34.2575
0.1 38.4776 33.1456 42.6036
0.2 48.1298 42.4492 52.2669
0.4 59.5456 53.2685 63.9246
0.6 67.4778 60.5714 72.345
1.0 79.8014 71.4561 86.2012


# NLO+LLR_R015_mB_y_2.0
R central min max
0.03 23.7279 18.5677 28.3736
0.05 28.9633 23.4697 33.828
0.1 37.0012 31.0255 42.1932
0.2 46.3099 39.7815 51.9059
0.4 57.4759 50.2358 63.6375
0.6 65.4602 57.6495 72.0998
1.0 78.4543 69.5649 86.0213


# pseudo_NNLO_y_2.0
R central min max
0.03 11.0582 10.6774 13.1372
0.05 19.1739 18.6243 20.8629
0.1 31.7389 31.0726 32.4495
0.2 46.0825 44.7786 46.4916
0.4 62.2564 58.7738 63.3191
0.6 73.2498 68.1055 75.5142
1.0 90.124 82.198 94.6735


# NNLO_mult_y_2.0
R central min max
0.03 3.14667 2.59124 4.57939
0.05 11.3062 10.1735 13.1741
0.1 24.5434 22.1287 26.8484
0.2 40.2217 36.413 42.974
0.4 58.2683 52.9896 61.5384
0.6 70.7356 64.4499 74.4313
1.0 90.124 82.198 94.6735


# NNLO_mult_narrowband_y_2.0
R central min max
0.03 3.14667 2.66212 4.3443
0.05 11.3062 10.9973 12.1502
0.1 24.5434 24.0442 25.0594
0.2 40.2217 38.2531 40.9187
0.4 58.2683 54.3791 59.9029
0.6 70.7356 65.3496 73.384
1.0 90.124 82.198 94.6735


# NNLO+LLR_multA_y_2.0
R central min max
0.03 21.46 18.1887 24.2407
0.05 27.0396 23.5901 29.8369
0.1 36.2564 32.5053 39.0467
0.2 47.7975 43.5456 50.5832
0.4 62.2404 57.114 65.2149
0.6 72.8365 66.8046 76.2336
1.0 90.124 82.198 94.6735


# NNLO+LLR_multA_narrowband_y_2.0
R central min max
0.03 21.46 18.2415 23.2066
0.05 27.0396 23.9387 28.3741
0.1 36.2564 33.7872 36.7394
0.2 47.7975 46.1962 48.1067
0.4 62.2404 58.8632 62.911
0.6 72.8365 67.7999 74.8935
1.0 90.124 82.198 94.6735


# NNLO+LLR_multB_y_2.0
R central min max
0.03 18.3523 15.7018 20.6584
0.05 23.757 20.781 26.2079
0.1 32.9599 29.4381 35.6105
0.2 44.835 40.4926 47.7657
0.4 59.9988 54.5435 63.3381
0.6 71.3311 64.9886 75.0528
1.0 90.124 82.198 94.6735


# NNLO+LLR_multB_narrowband_y_2.0
R central min max
0.03 18.3523 17.0762 18.9751
0.05 23.757 22.7342 24.1607
0.1 32.9599 31.8912 33.4699
0.2 44.835 42.5115 45.4603
0.4 59.9988 55.9538 61.5935
0.6 71.3311 65.8877 73.971
1.0 90.124 82.198 94.6735


# NNLO+LLR_combined_y_2.0
R central min max
0.03 21.46 18.1887 24.2407
0.05 27.0396 23.5901 29.8369
0.1 36.2564 32.5053 39.0467
0.2 47.7975 43.5456 50.5832
0.4 62.2404 57.114 65.2149
0.6 72.8365 66.8046 76.2336
1.0 90.124 82.198 94.6735


# NNLO+LLR_R015_y_2.0
R central min max
0.03 21.6428 16.4488 25.1542
0.05 27.3466 21.6344 30.9857
0.1 36.6693 30.5425 40.5053
0.2 48.2281 42.1137 52.2828
0.4 62.5979 56.2948 67.0323
0.6 73.078 65.9026 77.9864
1.0 90.0925 81.1157 96.1631


# NNLO+LLR_R015_multB_y_2.0
R central min max
0.03 16.4489 13.5988 19.1646
0.05 21.6346 18.33 24.7353
0.1 30.5431 26.4502 34.3003
0.2 42.1488 36.9183 46.807
0.4 57.0805 50.3543 62.9256
0.6 68.3322 60.4586 75.1011
1.0 87.1678 77.332 95.555


# NNLO+LLR_mexpB_y_2.0
R central min max
0.03 20.5438 18.8465 21.3387
0.05 25.8627 24.4887 26.321
0.1 34.7557 33.7302 35.2527
0.2 46.119 43.8073 46.7391
0.4 60.6694 56.6115 62.1986
0.6 71.6216 66.1684 74.2362
1.0 90.124 82.198 94.6735


# LO_y_2.5
R central min max
0.03 35.77 27.483 47.5699
0.05 35.77 27.483 47.5699
0.1 35.77 27.483 47.5699
0.2 35.77 27.483 47.5699
0.4 35.77 27.483 47.5699
0.6 35.77 27.483 47.5699
1.0 35.77 27.483 47.5699


# NLO_y_2.5
R central min max
0.03 10.785 -3.76343 17.074
0.05 15.3199 2.99054 20.2184
0.1 21.448 12.117 24.4676
0.2 27.6508 21.3534 28.7801
0.4 34.0953 30.9512 34.4226
0.6 38.1652 36.0563 38.3766
1.0 44.1012 40.1735 46.0294


# NLO_mult_y_2.5
R central min max
0.03 3.01994 -1.92978 7.03816
0.05 8.61179 4.27242 12.1016
0.1 16.1682 12.509 18.9893
0.2 23.8167 20.5783 26.0579
0.4 31.7631 28.5648 33.6037
0.6 36.7814 33.387 38.5427
1.0 44.1012 40.1735 46.0294


# NLO_mult_narrowband_y_2.5
R central min max
0.03 3.01994 -2.00115 6.43209
0.05 8.61179 4.5129 11.1406
0.1 16.1682 13.3155 17.5035
0.2 23.8167 22.2238 24.1186
0.4 31.7631 30.0346 32.2135
0.6 36.7814 34.1603 37.5101
1.0 44.1012 40.1735 46.0294


# NLO+LLR_y_2.5
R central min max
0.03 14.6598 12.228 16.5964
0.05 17.646 15.1866 19.4861
0.1 22.1564 19.6637 23.8091
0.2 27.3121 24.7412 28.7306
0.4 33.3441 30.5356 34.5812
0.6 37.5179 34.3958 38.8255
1.0 44.1012 40.1735 46.0294


# NLO+LLR_narrowband_y_2.5
R central min max
0.03 14.6598 12.6797 15.5461
0.05 17.646 15.8192 18.2407
0.1 22.1564 20.6333 22.3813
0.2 27.3121 26.2487 27.6055
0.4 33.3441 31.4409 33.7381
0.6 37.5179 34.8942 38.1592
1.0 44.1012 40.1735 46.0294


# NLO+LLR_mB_y_2.5
R central min max
0.03 14.4674 11.8848 16.5594
0.05 17.4168 14.7571 19.4624
0.1 21.8695 19.0986 23.8204
0.2 26.9717 24.0514 28.8075
0.4 32.9913 29.8251 34.7353
0.6 37.2255 33.8209 38.9727
1.0 44.1012 40.1735 46.0294


# NLO+LLR_mB_narrowband_y_2.5
R central min max
0.03 14.4674 12.7171 15.2756
0.05 17.4168 15.8652 17.9267
0.1 21.8695 20.6932 22.1629
0.2 26.9717 25.8505 27.3466
0.4 32.9913 30.9459 33.4696
0.6 37.2255 34.4891 38.0819
1.0 44.1012 40.1735 46.0294


# NLO+LLR_R015_y_2.5
R central min max
0.03 13.558 10.839 15.8106
0.05 16.5676 13.7615 18.7916
0.1 21.1183 18.1861 23.2784
0.2 26.3189 23.2083 28.4211
0.4 32.3875 28.9537 34.5446
0.6 36.5609 32.7859 38.9433
1.0 43.0666 38.4969 46.2658


# NLO+LLR_R015_mB_y_2.5
R central min max
0.03 13.0772 10.1735 15.6335
0.05 15.9836 12.9149 18.6264
0.1 20.375 17.0629 23.1501
0.2 25.4123 21.8094 28.3602
0.4 31.3675 27.3828 34.5694
0.6 35.5699 31.2787 38.9933
1.0 42.4292 37.5559 46.2979


# pseudo_NNLO_y_2.5
R central min max
0.03 6.41126 5.98911 7.68593
0.05 11.3637 10.989 12.2422
0.1 17.305 16.4351 17.8869
0.2 25.099 24.4242 25.3341
0.4 33.7079 31.8337 34.0818
0.6 39.4514 36.6993 40.3365
1.0 48.5113 44.1909 50.6323


# NNLO_mult_y_2.5
R central min max
0.03 1.94566 1.46475 2.93347
0.05 7.22845 6.45234 8.2966
0.1 13.3474 11.8684 14.7211
0.2 21.9572 19.8053 23.382
0.4 31.5957 28.6887 33.1829
0.6 38.0994 34.666 39.8506
1.0 48.5113 44.1909 50.6323


# NNLO_mult_narrowband_y_2.5
R central min max
0.03 1.94566 1.4948 2.73119
0.05 7.22845 6.87635 7.77885
0.1 13.3474 13.0128 13.6621
0.2 21.9572 20.926 22.3554
0.4 31.5957 29.4718 32.2449
0.6 38.0994 35.1993 39.2246
1.0 48.5113 44.1909 50.6323


# NNLO+LLR_multA_y_2.5
R central min max
0.03 11.756 9.93948 13.2835
0.05 15.0534 13.1221 16.5904
0.1 19.6976 17.7335 21.1048
0.2 25.9808 23.7337 27.305
0.4 33.6965 30.9486 35.0334
0.6 39.2456 36.0209 40.7355
1.0 48.5113 44.1909 50.6323


# NNLO+LLR_multA_narrowband_y_2.5
R central min max
0.03 11.756 9.80866 12.8106
0.05 15.0534 13.2711 15.8293
0.1 19.6976 17.9427 20.1044
0.2 25.9808 24.8178 26.1615
0.4 33.6965 31.8714 34.0447
0.6 39.2456 36.5435 40.0374
1.0 48.5113 44.1909 50.6323


# NNLO+LLR_multB_y_2.5
R central min max
0.03 10.1376 8.60214 11.4261
0.05 13.4276 11.7266 14.762
0.1 17.9394 15.9498 19.3718
0.2 24.4228 22.011 25.9031
0.4 32.519 29.5222 34.1316
0.6 38.4292 34.9656 40.1908
1.0 48.5113 44.1909 50.6323


# NNLO+LLR_multB_narrowband_y_2.5
R central min max
0.03 10.1376 9.28393 10.5553
0.05 13.4276 12.7515 13.7925
0.1 17.9394 17.4108 18.2598
0.2 24.4228 23.1653 24.8282
0.4 32.519 30.3016 33.1659
0.6 38.4292 35.4896 39.5607
1.0 48.5113 44.1909 50.6323


# NNLO+LLR_combined_y_2.5
R central min max
0.03 11.756 9.93948 13.2835
0.05 15.0534 13.1221 16.5904
0.1 19.6976 17.7335 21.1048
0.2 25.9808 23.7337 27.305
0.4 33.6965 30.9486 35.0334
0.6 39.2456 36.0209 40.7355
1.0 48.5113 44.1909 50.6323


# NNLO+LLR_R015_y_2.5
R central min max
0.03 11.7954 9.10848 13.6941
0.05 15.1416 12.3114 17.1232
0.1 19.908 16.6776 21.829
0.2 26.2069 23.0367 28.1862
0.4 33.8934 30.5098 36.0081
0.6 39.391 35.5503 41.6915
1.0 48.506 43.627 51.4229


# NNLO+LLR_R015_multB_y_2.5
R central min max
0.03 9.10942 7.43396 10.6429
0.05 12.3127 10.3852 14.0438
0.1 16.6787 14.3489 18.729
0.2 23.0564 20.127 25.5183
0.4 31.065 27.3398 34.1042
0.6 36.9468 32.6121 40.4399
1.0 47.0862 41.6903 51.3756


# NNLO+LLR_mexpB_y_2.5
R central min max
0.03 11.3374 10.2668 11.8444
0.05 14.4848 13.6211 14.8107
0.1 18.9657 18.3518 19.2808
0.2 25.1372 23.8729 25.5406
0.4 32.891 30.6616 33.5132
0.6 38.5997 35.6494 39.7224
1.0 48.5113 44.1909 50.6323


