# integrated_xsct_v_R_simple.sh
# LO_y_0.0
R central min max
0.03 154.556 122.121 199.006
0.05 154.556 122.121 199.006
0.1 154.556 122.121 199.006
0.2 154.556 122.121 199.006
0.4 154.556 122.121 199.006
0.6 154.556 122.121 199.006
1.0 154.556 122.121 199.006


# NLO_y_0.0
R central min max
0.03 32.1574 -28.8203 62.1096
0.05 54.9321 3.79621 78.4418
0.1 85.6908 47.8477 100.499
0.2 116.682 92.2357 122.739
0.4 148.539 137.864 149.996
0.6 168.407 159.805 169.363
1.0 196.676 180.053 207.266


# NLO_mult_y_0.0
R central min max
0.03 -12.6541 -32.797 11.8951
0.05 16.3233 -4.95174 33.6029
0.1 55.4604 38.173 69.3052
0.2 94.8928 80.4463 105.904
0.4 135.427 121.879 144.795
0.6 160.707 146.47 170.026
1.0 196.676 180.053 207.266


# NLO_mult_narrowband_y_0.0
R central min max
0.03 -12.6541 -39.2834 6.82117
0.05 16.3233 -5.15624 31.0686
0.1 55.4604 40.9369 63.8167
0.2 94.8928 87.3715 96.9157
0.4 135.427 129.21 136.833
0.6 160.707 150.204 164.895
1.0 196.676 180.053 207.266


# NLO+LLR_y_0.0
R central min max
0.03 55.4418 45.596 63.8319
0.05 68.5303 58.2434 76.8916
0.1 89.2899 78.5914 97.3021
0.2 114.035 102.953 121.448
0.4 143.722 131.745 150.792
0.6 164.421 151.176 172.071
1.0 196.676 180.053 207.266


# NLO+LLR_narrowband_y_0.0
R central min max
0.03 55.4418 48.2034 59.3724
0.05 68.5303 61.7915 71.4205
0.1 89.2899 83.8674 90.3326
0.2 114.035 110.402 115.062
0.4 143.722 136.288 144.941
0.6 164.421 153.672 168.608
1.0 196.676 180.053 207.266


# NLO+LLR_mB_y_0.0
R central min max
0.03 54.6907 44.4265 63.5952
0.05 67.6184 56.7503 76.6816
0.1 88.1129 76.553 97.1852
0.2 112.586 100.347 121.529
0.4 142.152 128.909 151.109
0.6 163.094 148.831 172.38
1.0 196.676 180.053 207.266


# NLO+LLR_mB_narrowband_y_0.0
R central min max
0.03 54.6907 47.9933 58.3706
0.05 67.6184 61.5358 70.2399
0.1 88.1129 83.5442 89.1132
0.2 112.586 108.94 113.781
0.4 142.152 134.286 143.967
0.6 163.094 152.002 168.044
1.0 196.676 180.053 207.266


# NLO+LLR_R015_y_0.0
R central min max
0.03 50.7618 40.0641 60.2994
0.05 63.5807 52.1191 73.4792
0.1 84.0565 71.6678 94.2966
0.2 108.626 95.2906 119.195
0.4 138.219 123.499 149.584
0.6 158.82 142.675 171.382
1.0 190.656 171.191 206.766


# NLO+LLR_R015_mB_y_0.0
R central min max
0.03 48.8056 37.6271 59.2319
0.05 61.1534 48.955 72.3161
0.1 80.8628 67.307 93.0349
0.2 104.577 89.5997 117.898
0.4 133.446 116.744 148.301
0.6 154.033 135.969 170.165
1.0 187.293 166.622 205.879


# pseudo_NNLO_y_0.0
R central min max
0.03 -11.184 -11.7617 -3.21575
0.05 12.8339 12.5873 18.89
0.1 47.3253 45.9641 50.5423
0.2 83.9684 82.432 84.3123
0.4 125.531 119.688 127.547
0.6 153.275 143.55 157.981
1.0 196.676 180.053 207.266


# NNLO_mult_y_0.0
R central min max
0.03 -10.7769 -9.56629 -15.5297
0.05 11.8876 10.7387 14.8432
0.1 45.1116 41.0908 49.3183
0.2 80.9947 73.7136 86.6872
0.4 122.837 112.141 130.111
0.6 151.251 138.311 159.673
1.0 196.676 180.053 207.266


# NNLO_mult_narrowband_y_0.0
R central min max
0.03 -10.7769 -11.7464 -5.49747
0.05 11.8876 11.4863 15.3453
0.1 45.1116 44.29 46.7312
0.2 80.9947 77.3208 83.0579
0.4 122.837 115.175 126.899
0.6 151.251 140.396 157.39
1.0 196.676 180.053 207.266


# NNLO+LLR_multA_y_0.0
R central min max
0.03 36.8671 30.7883 42.4072
0.05 49.5012 42.6207 55.5603
0.1 70.6361 62.7518 77.0831
0.2 96.804 87.9257 103.489
0.4 130.396 119.873 137.534
0.6 155.026 142.732 162.896
1.0 196.676 180.053 207.266


# NNLO+LLR_multA_narrowband_y_0.0
R central min max
0.03 36.8671 30.774 40.8956
0.05 49.5012 43.9462 52.6249
0.1 70.6361 65.797 71.9645
0.2 96.804 93.787 97.2366
0.4 130.396 124.036 132.047
0.6 155.026 145.093 159.652
1.0 196.676 180.053 207.266


# NNLO+LLR_multB_y_0.0
R central min max
0.03 32.0121 27.6388 36.3546
0.05 44.5663 39.4324 49.4008
0.1 65.876 59.0048 71.3973
0.2 92.5061 83.8319 98.8437
0.4 127.195 116.049 134.69
0.6 152.828 139.743 161.327
1.0 196.676 180.053 207.266


# NNLO+LLR_multB_narrowband_y_0.0
R central min max
0.03 32.0121 30.0801 33.2951
0.05 44.5663 43.1726 45.2375
0.1 65.876 64.0406 66.4471
0.2 92.5061 88.1237 93.6176
0.4 127.195 119.177 131.024
0.6 152.828 141.818 158.933
1.0 196.676 180.053 207.266


# NNLO+LLR_combined_y_0.0
R central min max
0.03 36.8671 30.7883 42.4072
0.05 49.5012 42.6207 55.5603
0.1 70.6361 62.7518 77.0831
0.2 96.804 87.9257 103.489
0.4 130.396 119.873 137.534
0.6 155.026 142.732 162.896
1.0 196.676 180.053 207.266


# NNLO+LLR_R015_y_0.0
R central min max
0.03 37.9814 28.5672 45.1699
0.05 50.6358 40.5764 58.6413
0.1 71.7432 61.0852 80.5605
0.2 97.8409 86.4346 107.371
0.4 131.14 117.962 141.511
0.6 155.442 140.591 166.652
1.0 196.226 177.393 210.09


# NNLO+LLR_R015_multB_y_0.0
R central min max
0.03 28.5676 23.9702 33.4728
0.05 40.5814 34.8854 46.5136
0.1 61.1753 53.1504 68.8441
0.2 87.0827 76.5144 96.9352
0.4 121.16 107.218 133.917
0.6 146.555 130.066 161.514
1.0 190.609 169.68 209.476


# NNLO+LLR_mexpB_y_0.0
R central min max
0.03 37.0561 33.936 38.8972
0.05 49.0752 46.6402 50.1339
0.1 69.4888 67.5637 70.1486
0.2 95.1566 90.8798 96.0295
0.4 128.619 120.598 132.242
0.6 153.499 142.468 159.531
1.0 196.676 180.053 207.266


# LO_y_0.5
R central min max
0.03 143.009 112.854 184.432
0.05 143.009 112.854 184.432
0.1 143.009 112.854 184.432
0.2 143.009 112.854 184.432
0.4 143.009 112.854 184.432
0.6 143.009 112.854 184.432
1.0 143.009 112.854 184.432


# NLO_y_0.5
R central min max
0.03 30.5747 -25.9823 58.1604
0.05 51.4447 3.97569 73.0985
0.1 79.7142 44.5486 93.3358
0.2 108.188 85.4182 113.739
0.4 137.525 127.524 138.885
0.6 155.837 147.819 156.71
1.0 181.85 166.419 191.6


# NLO_mult_y_0.5
R central min max
0.03 -10.4856 -29.0491 11.9935
0.05 16.0485 -3.51011 31.9312
0.1 51.9912 36.0687 64.7286
0.2 88.1943 74.8432 98.3383
0.4 125.494 112.927 134.128
0.6 148.776 135.555 157.363
1.0 181.85 166.419 191.6


# NLO_mult_narrowband_y_0.5
R central min max
0.03 -10.4856 -34.8716 7.3155
0.05 16.0485 -3.63064 29.5221
0.1 51.9912 38.6878 59.6026
0.2 88.1943 81.3043 90.0176
0.4 125.494 119.68 126.79
0.6 148.776 138.996 152.648
1.0 181.85 166.419 191.6


# NLO+LLR_y_0.5
R central min max
0.03 51.9442 42.8146 59.6878
0.05 63.9994 54.4822 71.6963
0.1 83.1075 73.2174 90.467
0.2 105.844 95.5938 112.641
0.4 133.146 122.043 139.633
0.6 152.197 139.9 159.231
1.0 181.85 166.419 191.6


# NLO+LLR_narrowband_y_0.5
R central min max
0.03 51.9442 45.2222 55.5355
0.05 63.9994 57.7357 66.6231
0.1 83.1075 78.0423 84.046
0.2 105.844 102.367 106.778
0.4 133.146 126.216 134.277
0.6 152.197 142.196 156.057
1.0 181.85 166.419 191.6


# NLO+LLR_mB_y_0.5
R central min max
0.03 51.2289 41.6946 59.4662
0.05 63.1292 53.0506 71.4993
0.1 81.9913 71.2765 90.3609
0.2 104.476 93.1253 112.723
0.4 131.679 119.385 139.937
0.6 150.968 137.721 159.525
1.0 181.85 166.419 191.6


# NLO+LLR_mB_narrowband_y_0.5
R central min max
0.03 51.2289 45.0452 54.5815
0.05 63.1292 57.5301 65.4969
0.1 81.9913 77.7917 82.9006
0.2 104.476 101.037 105.574
0.4 131.679 124.343 133.369
0.6 150.968 140.644 155.538
1.0 181.85 166.419 191.6


# NLO+LLR_R015_y_0.5
R central min max
0.03 47.6583 37.714 56.4814
0.05 59.4855 48.8609 68.616
0.1 78.3488 66.883 87.7733
0.2 100.932 88.5936 110.644
0.4 128.143 114.505 138.589
0.6 147.094 132.121 158.655
1.0 176.352 158.297 191.201


# NLO+LLR_R015_mB_y_0.5
R central min max
0.03 45.8102 35.3997 55.4891
0.05 57.194 45.8606 67.5372
0.1 75.35 62.7736 86.6138
0.2 97.1469 83.2574 109.464
0.4 123.712 108.221 137.442
0.6 142.674 125.915 157.579
1.0 173.258 154.084 190.417


# pseudo_NNLO_y_0.5
R central min max
0.03 -5.97665 -6.54557 0.125967
0.05 14.14 13.6616 19.2943
0.1 44.8876 43.5144 47.8
0.2 78.3681 76.7177 78.7811
0.4 116.267 110.609 118.003
0.6 142.144 132.765 146.573
1.0 181.85 166.419 191.6


# NNLO_mult_y_0.5
R central min max
0.03 -4.75293 -4.25946 -7.19938
0.05 13.6241 12.3739 16.3006
0.1 42.9621 39.0471 46.9961
0.2 75.7026 68.8469 81.0609
0.4 113.765 103.789 120.507
0.6 140.346 128.305 148.121
1.0 181.85 166.419 191.6


# NNLO_mult_narrowband_y_0.5
R central min max
0.03 -4.75293 -5.14465 -1.8657
0.05 13.6241 13.1487 15.7544
0.1 42.9621 41.762 44.2289
0.2 75.7026 72.0609 77.5047
0.4 113.765 106.309 117.398
0.6 140.346 129.811 146.065
1.0 181.85 166.419 191.6


# NNLO+LLR_multA_y_0.5
R central min max
0.03 35.5446 29.6981 40.7377
0.05 46.7456 40.2746 52.2801
0.1 65.963 58.6146 71.8765
0.2 90.009 81.7211 96.1272
0.4 120.744 110.847 127.218
0.6 143.716 132.026 151.03
1.0 181.85 166.419 191.6


# NNLO+LLR_multA_narrowband_y_0.5
R central min max
0.03 35.5446 29.8529 38.995
0.05 46.7456 41.1746 49.5368
0.1 65.963 61.3979 67.1842
0.2 90.009 87.0875 90.356
0.4 120.744 114.653 122.177
0.6 143.716 134.19 148.054
1.0 181.85 166.419 191.6


# NNLO+LLR_multB_y_0.5
R central min max
0.03 31.2857 26.8267 35.3756
0.05 42.2981 37.1008 46.8489
0.1 61.613 55.125 66.7951
0.2 86.0831 77.9647 91.9985
0.4 117.777 107.393 124.711
0.6 141.748 129.576 149.593
1.0 181.85 166.419 191.6


# NNLO+LLR_multB_narrowband_y_0.5
R central min max
0.03 31.2857 29.2071 32.423
0.05 42.2981 40.4906 42.9495
0.1 61.613 59.7675 62.1507
0.2 86.0831 81.8684 87.0534
0.4 117.777 110.059 121.234
0.6 141.748 131.13 147.426
1.0 181.85 166.419 191.6


# NNLO+LLR_combined_y_0.5
R central min max
0.03 35.5446 29.6981 40.7377
0.05 46.7456 40.2746 52.2801
0.1 65.963 58.6146 71.8765
0.2 90.009 81.7211 96.1272
0.4 120.744 110.847 127.218
0.6 143.716 132.026 151.03
1.0 181.85 166.419 191.6


# NNLO+LLR_R015_y_0.5
R central min max
0.03 36.4357 28.0976 43.0872
0.05 47.7435 38.6055 55.0205
0.1 66.9825 57.1362 75.0591
0.2 90.9682 80.3673 99.6894
0.4 121.454 109.144 130.896
0.6 144.087 130.089 154.45
1.0 181.444 163.98 194.192


# NNLO+LLR_R015_multB_y_0.5
R central min max
0.03 28.0996 23.404 32.7813
0.05 38.6148 32.8746 44.2431
0.1 57.2717 49.6929 64.4782
0.2 81.0888 71.1977 90.2875
0.4 112.215 99.23 124.029
0.6 136.007 120.68 149.855
1.0 176.292 156.876 193.711


# NNLO+LLR_mexpB_y_0.5
R central min max
0.03 35.5586 32.4835 37.1962
0.05 46.3136 43.7152 47.2784
0.1 64.9169 62.9177 65.5309
0.2 88.5127 84.4125 89.3484
0.4 119.112 111.423 122.391
0.6 142.345 131.741 147.952
1.0 181.85 166.419 191.6


# LO_y_1.0
R central min max
0.03 121.948 96.0003 157.74
0.05 121.948 96.0003 157.74
0.1 121.948 96.0003 157.74
0.2 121.948 96.0003 157.74
0.4 121.948 96.0003 157.74
0.6 121.948 96.0003 157.74
1.0 121.948 96.0003 157.74


# NLO_y_1.0
R central min max
0.03 28.3857 -19.6005 51.4116
0.05 45.8711 5.59588 63.8879
0.1 69.484 39.6275 80.7337
0.2 93.2355 73.8617 97.7039
0.4 117.727 109.161 118.887
0.6 133.041 126.069 133.771
1.0 154.93 141.669 163.195


# NLO_mult_y_1.0
R central min max
0.03 -5.82002 -21.6458 12.6341
0.05 16.3914 0.0328965 29.6693
0.1 46.387 32.9994 57.0644
0.2 76.5587 65.222 85.1061
0.4 107.67 96.8895 114.989
0.6 127.124 115.753 134.413
1.0 154.93 141.669 163.195


# NLO_mult_narrowband_y_1.0
R central min max
0.03 -5.82002 -26.0278 8.82664
0.05 16.3914 0.114583 27.4193
0.1 46.387 35.4166 52.5279
0.2 76.5587 70.9063 77.9286
0.4 107.67 102.54 108.784
0.6 127.124 118.652 130.458
1.0 154.93 141.669 163.195


# NLO+LLR_y_1.0
R central min max
0.03 45.6964 37.8218 52.3109
0.05 55.9618 47.7818 62.5099
0.1 72.1093 63.6251 78.3461
0.2 91.207 82.4067 96.9556
0.4 114.07 104.52 119.556
0.6 130.013 119.438 135.96
1.0 154.93 141.669 163.195


# NLO+LLR_narrowband_y_1.0
R central min max
0.03 45.6964 39.9065 48.6576
0.05 55.9618 50.601 58.0677
0.1 72.1093 67.796 72.8165
0.2 91.207 88.189 91.9885
0.4 114.07 108.017 115.05
0.6 130.013 121.365 133.313
1.0 154.93 141.669 163.195


# NLO+LLR_mB_y_1.0
R central min max
0.03 45.0789 36.8436 52.1292
0.05 55.2186 46.546 62.3544
0.1 71.1596 61.9605 78.2715
0.2 90.0402 80.2903 97.0406
0.4 112.814 102.238 119.826
0.6 128.954 117.557 136.219
1.0 154.93 141.669 163.195


# NLO+LLR_mB_narrowband_y_1.0
R central min max
0.03 45.0789 39.8094 47.8369
0.05 55.2186 50.4879 57.1111
0.1 71.1596 67.6265 71.9168
0.2 90.0402 86.9348 90.9737
0.4 112.814 106.407 114.32
0.6 128.954 120.025 132.87
1.0 154.93 141.669 163.195


# NLO+LLR_R015_y_1.0
R central min max
0.03 42.0789 33.4626 49.65
0.05 52.182 43.0233 59.981
0.1 68.1569 58.3124 76.1692
0.2 87.1482 76.5688 95.3768
0.4 109.943 98.2494 118.77
0.6 125.8 112.965 135.561
1.0 150.369 134.89 162.951


# NLO+LLR_R015_mB_y_1.0
R central min max
0.03 40.4697 31.4242 48.8196
0.05 50.2046 40.4068 59.0926
0.1 65.5848 54.7591 75.2293
0.2 83.9089 71.9764 94.4317
0.4 106.156 92.8572 117.865
0.6 122.023 107.642 134.716
1.0 147.744 131.304 162.334


# pseudo_NNLO_y_1.0
R central min max
0.03 -2.90915 -3.05489 2.43922
0.05 15.6672 15.4743 19.5448
0.1 40.9393 40.2357 43.0358
0.2 68.1575 66.8059 68.5192
0.4 99.9058 95.1172 101.447
0.6 121.596 113.689 125.364
1.0 154.93 141.669 163.195


# NNLO_mult_y_1.0
R central min max
0.03 -2.1173 -2.0072 -2.04401
0.05 15.4736 14.1295 17.6806
0.1 39.4674 35.9794 42.8717
0.2 65.8882 59.9075 70.474
0.4 97.8076 89.1748 103.548
0.6 120.103 109.706 126.722
1.0 154.93 141.669 163.195


# NNLO_mult_narrowband_y_1.0
R central min max
0.03 -2.1173 -2.26299 0.530759
0.05 15.4736 15.2798 17.2434
0.1 39.4674 38.4553 40.7775
0.2 65.8882 62.7611 67.393
0.4 97.8076 91.5895 100.939
0.6 120.103 111.329 124.941
1.0 154.93 141.669 163.195


# NNLO+LLR_multA_y_1.0
R central min max
0.03 31.4315 26.3952 35.888
0.05 41.6389 35.9637 46.4678
0.1 57.8618 51.4949 62.9785
0.2 77.7499 70.6666 82.9035
0.4 103.591 95.1988 109.08
0.6 122.887 113.006 129.063
1.0 154.93 141.669 163.195


# NNLO+LLR_multA_narrowband_y_1.0
R central min max
0.03 31.4315 26.3695 34.4377
0.05 41.6389 37.0537 43.8412
0.1 57.8618 54.1989 58.7212
0.2 77.7499 75.2418 78.1088
0.4 103.591 98.4064 104.869
0.6 122.887 114.832 126.578
1.0 154.93 141.669 163.195


# NNLO+LLR_multB_y_1.0
R central min max
0.03 27.7425 23.7738 31.3189
0.05 37.9679 33.3689 41.8892
0.1 54.267 48.6099 58.6945
0.2 74.4285 67.3853 79.4754
0.4 101.099 92.1263 107
0.6 121.247 110.742 127.922
1.0 154.93 141.669 163.195


# NNLO+LLR_multB_narrowband_y_1.0
R central min max
0.03 27.7425 25.8813 28.7137
0.05 37.9679 36.4995 38.4682
0.1 54.267 52.6174 54.8367
0.2 74.4285 70.7761 75.2756
0.4 101.099 94.6037 104.082
0.6 121.247 112.364 126.055
1.0 154.93 141.669 163.195


# NNLO+LLR_combined_y_1.0
R central min max
0.03 31.4315 26.3952 35.888
0.05 41.6389 35.9637 46.4678
0.1 57.8618 51.4949 62.9785
0.2 77.7499 70.6666 82.9035
0.4 103.591 95.1988 109.08
0.6 122.887 113.006 129.063
1.0 154.93 141.669 163.195


# NNLO+LLR_R015_y_1.0
R central min max
0.03 32.1924 24.9863 37.859
0.05 42.4061 34.8259 48.7296
0.1 58.6741 50.4981 65.6232
0.2 78.5679 69.5347 85.9028
0.4 104.195 93.7661 112.157
0.6 123.204 111.37 131.918
1.0 154.601 139.633 165.362


# NNLO+LLR_R015_multB_y_1.0
R central min max
0.03 24.9927 20.7875 29.1272
0.05 34.8613 29.7502 39.8059
0.1 50.6514 44.0308 56.906
0.2 70.2788 61.7103 78.1827
0.4 96.52 85.316 106.633
0.6 116.546 103.338 128.38
1.0 150.405 133.749 165.22


# NNLO+LLR_mexpB_y_1.0
R central min max
0.03 31.4241 28.7533 32.786
0.05 41.1682 39.0281 41.8931
0.1 56.9191 55.3346 57.5213
0.2 76.4683 72.8905 77.2383
0.4 102.215 95.7111 105.051
0.6 121.744 112.845 126.497
1.0 154.93 141.669 163.195


# LO_y_1.5
R central min max
0.03 94.8018 74.3438 123.184
0.05 94.8018 74.3438 123.184
0.1 94.8018 74.3438 123.184
0.2 94.8018 74.3438 123.184
0.4 94.8018 74.3438 123.184
0.6 94.8018 74.3438 123.184
1.0 94.8018 74.3438 123.184


# NLO_y_1.5
R central min max
0.03 24.8753 -12.0151 42.1354
0.05 37.8389 6.78113 51.3369
0.1 55.5486 32.4659 63.9045
0.2 73.4637 58.4437 76.6514
0.4 91.8993 85.1778 92.7905
0.6 103.492 97.9301 104.031
1.0 120.105 109.712 126.409


# NLO_mult_y_1.5
R central min max
0.03 -0.534024 -12.6756 13.0561
0.05 15.8886 3.54548 25.8976
0.1 38.3237 28.1298 46.4099
0.2 61.0188 52.2669 67.5259
0.4 84.3734 75.9341 89.976
0.6 99.0591 90.1305 104.639
1.0 120.105 109.712 126.409


# NLO_mult_narrowband_y_1.5
R central min max
0.03 -0.534024 -15.4834 10.1609
0.05 15.8886 3.82261 23.916
0.1 38.3237 30.19 42.7064
0.2 61.0188 56.8123 61.8996
0.4 84.3734 80.1907 85.2695
0.6 99.0591 92.3282 101.655
1.0 120.105 109.712 126.409


# NLO+LLR_y_1.5
R central min max
0.03 37.1681 30.9387 42.3195
0.05 45.0563 38.6488 50.0967
0.1 57.4043 50.7954 62.1538
0.2 71.9322 65.066 76.2851
0.4 89.1975 81.7212 93.3398
0.6 101.252 92.957 105.763
1.0 120.105 109.712 126.409


# NLO+LLR_narrowband_y_1.5
R central min max
0.03 37.1681 32.5692 39.3775
0.05 45.0563 40.8198 46.5747
0.1 57.4043 54.0065 57.886
0.2 71.9322 69.4953 72.5404
0.4 89.1975 84.3487 89.9758
0.6 101.252 94.4084 103.785
1.0 120.105 109.712 126.409


# NLO+LLR_mB_y_1.5
R central min max
0.03 36.664 30.1239 42.1853
0.05 44.4382 37.6023 49.982
0.1 56.6217 49.4032 62.108
0.2 70.9935 63.344 76.3743
0.4 88.1981 79.8905 93.5759
0.6 100.421 91.4676 105.982
1.0 120.105 109.712 126.409


# NLO+LLR_mB_narrowband_y_1.5
R central min max
0.03 36.664 32.5142 38.7072
0.05 44.4382 40.7498 45.7811
0.1 56.6217 53.8926 57.2132
0.2 70.9935 68.3849 71.7385
0.4 88.1981 83.0566 89.4073
0.6 100.421 93.3459 103.447
1.0 120.105 109.712 126.409


# NLO+LLR_R015_y_1.5
R central min max
0.03 34.3781 27.5131 40.316
0.05 42.1983 34.9832 48.2397
0.1 54.4692 46.7771 60.6074
0.2 68.9475 60.6971 75.2134
0.4 86.1775 77.056 92.8752
0.6 98.1649 88.1416 105.582
1.0 116.742 104.655 126.361


# NLO+LLR_R015_mB_y_1.5
R central min max
0.03 33.0621 25.816 39.6856
0.05 40.5724 32.7966 47.5675
0.1 52.3769 43.846 59.9152
0.2 66.3601 56.9864 74.5501
0.4 83.1871 72.7575 92.2651
0.6 95.21 83.9411 105.028
1.0 114.709 101.853 125.952


# pseudo_NNLO_y_1.5
R central min max
0.03 -0.00356364 -0.390591 4.25534
0.05 13.0664 12.2093 16.423
0.1 32.3856 31.0142 34.3223
0.2 53.8663 52.678 54.213
0.4 78.2934 74.4336 79.4414
0.6 94.4769 88.29 97.2333
1.0 120.105 109.712 126.409


# NNLO_mult_y_1.5
R central min max
0.03 0.137205 0.146989 -0.753694
0.05 12.3127 11.1982 14.3773
0.1 30.8008 27.8424 33.7646
0.2 51.9582 47.1249 55.6341
0.4 76.6714 69.8484 81.101
0.6 93.2544 85.0905 98.3221
1.0 120.105 109.712 126.409


# NNLO_mult_narrowband_y_1.5
R central min max
0.03 0.137205 -0.026203 1.70589
0.05 12.3127 12.0393 13.2687
0.1 30.8008 30.3697 31.2138
0.2 51.9582 49.6502 52.9017
0.4 76.6714 71.6965 79.0497
0.6 93.2544 86.3707 96.8834
1.0 120.105 109.712 126.409


# NNLO+LLR_multA_y_1.5
R central min max
0.03 25.5481 21.6145 28.9883
0.05 33.0453 28.7576 36.616
0.1 45.4876 40.7437 49.1713
0.2 61.1102 55.7262 64.8691
0.4 81.0243 74.4567 85.1435
0.6 95.4714 87.7877 100.049
1.0 120.105 109.712 126.409


# NNLO+LLR_multA_narrowband_y_1.5
R central min max
0.03 25.5481 21.3806 27.9299
0.05 33.0453 29.0869 34.8515
0.1 45.4876 42.1696 46.2631
0.2 61.1102 59.061 61.4424
0.4 81.0243 76.867 81.9852
0.6 95.4714 89.1611 98.1939
1.0 120.105 109.712 126.409


# NNLO+LLR_multB_y_1.5
R central min max
0.03 22.5815 19.3369 25.4818
0.05 30.0049 26.2989 33.1027
0.1 42.5165 37.9816 46.0429
0.2 58.4733 52.8682 62.4293
0.4 79.1104 72.0325 83.6537
0.6 94.1511 85.9038 99.2588
1.0 120.105 109.712 126.409


# NNLO+LLR_multB_narrowband_y_1.5
R central min max
0.03 22.5815 21.0525 23.3782
0.05 30.0049 28.7544 30.4173
0.1 42.5165 41.3073 42.9385
0.2 58.4733 55.6506 59.1604
0.4 79.1104 73.9243 81.3955
0.6 94.1511 87.172 97.7777
1.0 120.105 109.712 126.409


# NNLO+LLR_combined_y_1.5
R central min max
0.03 25.5481 21.6145 28.9883
0.05 33.0453 28.7576 36.616
0.1 45.4876 40.7437 49.1713
0.2 61.1102 55.7262 64.8691
0.4 81.0243 74.4567 85.1435
0.6 95.4714 87.7877 100.049
1.0 120.105 109.712 126.409


# NNLO+LLR_R015_y_1.5
R central min max
0.03 26.1319 20.3159 30.4884
0.05 33.7122 27.4654 38.3874
0.1 46.2055 39.582 51.2541
0.2 61.7841 54.9074 67.1852
0.4 81.5027 73.4079 87.4728
0.6 95.7563 86.6019 102.238
1.0 119.87 108.193 128.033


# NNLO+LLR_R015_multB_y_1.5
R central min max
0.03 20.3171 16.8612 23.6896
0.05 27.4697 23.3617 31.3843
0.1 39.6181 34.3226 44.573
0.2 55.2376 48.446 61.4478
0.4 75.6216 66.8133 83.4789
0.6 90.5748 80.232 99.7092
1.0 116.734 103.711 128.146


# NNLO+LLR_mexpB_y_1.5
R central min max
0.03 25.5695 23.4422 26.6235
0.05 32.7714 31.0182 33.319
0.1 44.8218 43.5042 45.2755
0.2 60.142 57.335 60.8235
0.4 79.9838 74.7872 82.1642
0.6 94.5667 87.5698 98.1585
1.0 120.105 109.712 126.409


# LO_y_2.0
R central min max
0.03 65.0759 50.6828 85.2227
0.05 65.0759 50.6828 85.2227
0.1 65.0759 50.6828 85.2227
0.2 65.0759 50.6828 85.2227
0.4 65.0759 50.6828 85.2227
0.6 65.0759 50.6828 85.2227
1.0 65.0759 50.6828 85.2227


# NLO_y_2.0
R central min max
0.03 19.1577 -6.03216 30.5339
0.05 27.738 6.52056 36.5768
0.1 39.3457 23.5095 44.7488
0.2 51.0122 40.5838 52.9873
0.4 63.1456 58.3417 63.7363
0.6 70.8328 66.9174 71.1907
1.0 81.9309 74.7254 86.0668


# NLO_mult_y_2.0
R central min max
0.03 2.89329 -6.4511 10.5111
0.05 13.6968 5.53402 20.3123
0.1 28.3121 21.4883 33.6779
0.2 43.0013 37.0279 47.3412
0.4 58.2783 52.4285 62.0046
0.6 67.9573 61.7505 71.6456
1.0 81.9309 74.7254 86.0668


# NLO_mult_narrowband_y_2.0
R central min max
0.03 2.89329 -6.75601 9.65346
0.05 13.6968 5.89913 18.7134
0.1 28.3121 23.0212 30.9699
0.2 43.0013 40.2289 43.5153
0.4 58.2783 55.2355 58.9658
0.6 67.9573 63.2147 69.6673
1.0 81.9309 74.7254 86.0668


# NLO+LLR_y_2.0
R central min max
0.03 26.625 22.2578 30.1678
0.05 32.0671 27.6089 35.4926
0.1 40.4138 35.8482 43.5858
0.2 50.0474 45.3224 52.8914
0.4 61.4559 56.2953 64.1179
0.6 69.4248 63.6839 72.33
1.0 81.9309 74.7254 86.0668


# NLO+LLR_narrowband_y_2.0
R central min max
0.03 26.625 23.327 28.123
0.05 32.0671 29.0593 33.0505
0.1 40.4138 38.0053 40.7695
0.2 50.0474 48.2552 50.5042
0.4 61.4559 58.013 62.0548
0.6 69.4248 64.6329 71.0426
1.0 81.9309 74.7254 86.0668


# NLO+LLR_mB_y_2.0
R central min max
0.03 26.244 21.6259 30.0721
0.05 31.615 26.8213 35.4199
0.1 39.8506 34.8192 43.5712
0.2 49.3685 44.0475 52.9809
0.4 60.7445 54.9648 64.3192
0.6 68.8402 62.6145 72.5141
1.0 81.9309 74.7254 86.0668


# NLO+LLR_mB_narrowband_y_2.0
R central min max
0.03 26.244 23.3135 27.612
0.05 31.615 29.0426 32.462
0.1 39.8506 37.9797 40.3029
0.2 49.3685 47.409 49.9414
0.4 60.7445 57.0759 61.5539
0.6 68.8402 63.872 70.8255
1.0 81.9309 74.7254 86.0668


# NLO+LLR_R015_y_2.0
R central min max
0.03 24.6887 19.8379 28.7996
0.05 30.1265 25.0756 34.2575
0.1 38.4776 33.1456 42.6036
0.2 48.1298 42.4492 52.2669
0.4 59.5456 53.2685 63.9246
0.6 67.4778 60.5714 72.345
1.0 79.8014 71.4561 86.2012


# NLO+LLR_R015_mB_y_2.0
R central min max
0.03 23.7279 18.5677 28.3736
0.05 28.9633 23.4697 33.828
0.1 37.0012 31.0255 42.1932
0.2 46.3099 39.7815 51.9059
0.4 57.4759 50.2358 63.6375
0.6 65.4602 57.6495 72.0998
1.0 78.4543 69.5649 86.0213


# pseudo_NNLO_y_2.0
R central min max
0.03 2.86513 2.41785 5.54428
0.05 10.9808 10.0177 13.2699
0.1 23.5458 22.4677 24.8431
0.2 37.8895 36.9783 38.1982
0.4 54.0633 51.3012 54.7141
0.6 65.0568 60.6329 66.9076
1.0 81.9309 74.7254 86.0668


# NNLO_mult_y_2.0
R central min max
0.03 2.86061 2.35567 4.16308
0.05 10.2783 9.24865 11.9765
0.1 22.3122 20.117 24.4077
0.2 36.5652 33.1028 39.0673
0.4 52.9712 48.1724 55.944
0.6 64.3051 58.5908 67.6648
1.0 81.9309 74.7254 86.0668


# NNLO_mult_narrowband_y_2.0
R central min max
0.03 2.86061 2.42011 3.94936
0.05 10.2783 9.99754 11.0456
0.1 22.3122 21.8583 22.7813
0.2 36.5652 34.7756 37.1989
0.4 52.9712 49.4355 54.4572
0.6 64.3051 59.4087 66.7127
1.0 81.9309 74.7254 86.0668


# NNLO+LLR_multA_y_2.0
R central min max
0.03 18.6504 15.8408 21.063
0.05 23.6584 20.6872 26.0909
0.1 31.9976 28.7523 34.4275
0.2 42.5307 38.8205 44.963
0.4 55.8203 51.2889 58.4362
0.6 65.6684 60.2773 68.6918
1.0 81.9309 74.7254 86.0668


# NNLO+LLR_multA_narrowband_y_2.0
R central min max
0.03 18.6504 15.7244 20.2704
0.05 23.6584 20.8062 24.9255
0.1 31.9976 29.6939 32.5115
0.2 42.5307 41.0827 42.7779
0.4 55.8203 52.8642 56.3629
0.6 65.6684 61.1762 67.4825
1.0 81.9309 74.7254 86.0668


# NNLO+LLR_multB_y_2.0
R central min max
0.03 16.6839 14.2744 18.7803
0.05 21.5973 18.8918 23.8253
0.1 29.9635 26.7619 32.3731
0.2 40.7591 36.8114 43.4234
0.4 54.5443 49.585 57.5801
0.6 64.8464 59.0805 68.2298
1.0 81.9309 74.7254 86.0668


# NNLO+LLR_multB_narrowband_y_2.0
R central min max
0.03 16.6839 15.5238 17.2501
0.05 21.5973 20.6675 21.9642
0.1 29.9635 28.992 30.4272
0.2 40.7591 38.6468 41.3276
0.4 54.5443 50.8671 55.9941
0.6 64.8464 59.8979 67.2464
1.0 81.9309 74.7254 86.0668


# NNLO+LLR_combined_y_2.0
R central min max
0.03 18.6504 15.8408 21.063
0.05 23.6584 20.6872 26.0909
0.1 31.9976 28.7523 34.4275
0.2 42.5307 38.8205 44.963
0.4 55.8203 51.2889 58.4362
0.6 65.6684 60.2773 68.6918
1.0 81.9309 74.7254 86.0668


# NNLO+LLR_R015_y_2.0
R central min max
0.03 18.944 15.0501 21.9878
0.05 24.0557 19.7921 27.2129
0.1 32.4684 27.9253 35.7963
0.2 42.9799 38.2479 46.4897
0.4 56.1485 50.6156 59.9787
0.6 65.8478 59.5054 70.1032
1.0 81.7904 73.7451 87.1274


# NNLO+LLR_R015_multB_y_2.0
R central min max
0.03 15.0521 12.4441 17.5374
0.05 19.7976 16.7736 22.6351
0.1 27.9499 24.2044 31.3882
0.2 38.5704 33.7839 42.8331
0.4 52.2346 46.0794 57.5836
0.6 62.5313 55.3261 68.7255
1.0 79.7682 70.7674 87.4434


# NNLO+LLR_mexpB_y_2.0
R central min max
0.03 18.6762 17.1331 19.3988
0.05 23.5116 22.2624 23.9281
0.1 31.5961 30.6638 32.0479
0.2 41.9263 39.8248 42.4901
0.4 55.154 51.465 56.5442
0.6 65.1105 60.1531 67.4875
1.0 81.9309 74.7254 86.0668


# LO_y_2.5
R central min max
0.03 35.77 27.483 47.5699
0.05 35.77 27.483 47.5699
0.1 35.77 27.483 47.5699
0.2 35.77 27.483 47.5699
0.4 35.77 27.483 47.5699
0.6 35.77 27.483 47.5699
1.0 35.77 27.483 47.5699


# NLO_y_2.5
R central min max
0.03 10.785 -3.76343 17.074
0.05 15.3199 2.99054 20.2184
0.1 21.448 12.117 24.4676
0.2 27.6508 21.3534 28.7801
0.4 34.0953 30.9512 34.4226
0.6 38.1652 36.0563 38.3766
1.0 44.1012 40.1735 46.0294


# NLO_mult_y_2.5
R central min max
0.03 3.01994 -1.92978 7.03816
0.05 8.61179 4.27242 12.1016
0.1 16.1682 12.509 18.9893
0.2 23.8167 20.5783 26.0579
0.4 31.7631 28.5648 33.6037
0.6 36.7814 33.387 38.5427
1.0 44.1012 40.1735 46.0294


# NLO_mult_narrowband_y_2.5
R central min max
0.03 3.01994 -2.00115 6.43209
0.05 8.61179 4.5129 11.1406
0.1 16.1682 13.3155 17.5035
0.2 23.8167 22.2238 24.1186
0.4 31.7631 30.0346 32.2135
0.6 36.7814 34.1603 37.5101
1.0 44.1012 40.1735 46.0294


# NLO+LLR_y_2.5
R central min max
0.03 14.6598 12.228 16.5964
0.05 17.646 15.1866 19.4861
0.1 22.1564 19.6637 23.8091
0.2 27.3121 24.7412 28.7306
0.4 33.3441 30.5356 34.5812
0.6 37.5179 34.3958 38.8255
1.0 44.1012 40.1735 46.0294


# NLO+LLR_narrowband_y_2.5
R central min max
0.03 14.6598 12.6797 15.5461
0.05 17.646 15.8192 18.2407
0.1 22.1564 20.6333 22.3813
0.2 27.3121 26.2487 27.6055
0.4 33.3441 31.4409 33.7381
0.6 37.5179 34.8942 38.1592
1.0 44.1012 40.1735 46.0294


# NLO+LLR_mB_y_2.5
R central min max
0.03 14.4674 11.8848 16.5594
0.05 17.4168 14.7571 19.4624
0.1 21.8695 19.0986 23.8204
0.2 26.9717 24.0514 28.8075
0.4 32.9913 29.8251 34.7353
0.6 37.2255 33.8209 38.9727
1.0 44.1012 40.1735 46.0294


# NLO+LLR_mB_narrowband_y_2.5
R central min max
0.03 14.4674 12.7171 15.2756
0.05 17.4168 15.8652 17.9267
0.1 21.8695 20.6932 22.1629
0.2 26.9717 25.8505 27.3466
0.4 32.9913 30.9459 33.4696
0.6 37.2255 34.4891 38.0819
1.0 44.1012 40.1735 46.0294


# NLO+LLR_R015_y_2.5
R central min max
0.03 13.558 10.839 15.8106
0.05 16.5676 13.7615 18.7916
0.1 21.1183 18.1861 23.2784
0.2 26.3189 23.2083 28.4211
0.4 32.3875 28.9537 34.5446
0.6 36.5609 32.7859 38.9433
1.0 43.0666 38.4969 46.2658


# NLO+LLR_R015_mB_y_2.5
R central min max
0.03 13.0772 10.1735 15.6335
0.05 15.9836 12.9149 18.6264
0.1 20.375 17.0629 23.1501
0.2 25.4123 21.8094 28.3602
0.4 31.3675 27.3828 34.5694
0.6 35.5699 31.2787 38.9933
1.0 42.4292 37.5559 46.2979


# pseudo_NNLO_y_2.5
R central min max
0.03 2.00114 1.44587 3.58942
0.05 6.95362 6.38624 8.14034
0.1 12.8949 11.8411 13.7849
0.2 20.6889 19.9056 20.8573
0.4 29.2978 27.8161 29.6034
0.6 35.0413 32.6819 35.7363
1.0 44.1012 40.1735 46.0294


# NNLO_mult_y_2.5
R central min max
0.03 1.76878 1.33159 2.66679
0.05 6.57132 5.86577 7.54236
0.1 12.134 10.7895 13.3828
0.2 19.9611 18.0048 21.2564
0.4 28.7234 26.0806 30.1663
0.6 34.6358 31.5145 36.2278
1.0 44.1012 40.1735 46.0294


# NNLO_mult_narrowband_y_2.5
R central min max
0.03 1.76878 1.35891 2.4829
0.05 6.57132 6.25123 7.07168
0.1 12.134 11.8298 12.4201
0.2 19.9611 19.0236 20.323
0.4 28.7234 26.7926 29.3135
0.6 34.6358 31.9993 35.6587
1.0 44.1012 40.1735 46.0294


# NNLO+LLR_multA_y_2.5
R central min max
0.03 10.2074 8.63681 11.5343
0.05 13.1905 11.523 14.532
0.1 17.359 15.6682 18.5889
0.2 23.1035 21.1528 24.2557
0.4 30.2107 27.7888 31.3761
0.6 35.3685 32.4943 36.6821
1.0 44.1012 40.1735 46.0294


# NNLO+LLR_multA_narrowband_y_2.5
R central min max
0.03 10.2074 8.43525 11.1865
0.05 13.1905 11.5591 13.9246
0.1 17.359 15.7104 17.7797
0.2 23.1035 21.9863 23.2436
0.4 30.2107 28.6201 30.5074
0.6 35.3685 32.9663 36.0527
1.0 44.1012 40.1735 46.0294


# NNLO+LLR_multB_y_2.5
R central min max
0.03 9.21603 7.82013 10.3874
0.05 12.2069 10.6606 13.42
0.1 16.3085 14.4999 17.6107
0.2 22.2025 20.01 23.5482
0.4 29.5627 26.8383 31.0287
0.6 34.9356 31.7869 36.5371
1.0 44.1012 40.1735 46.0294


# NNLO+LLR_multB_narrowband_y_2.5
R central min max
0.03 9.21603 8.43994 9.59569
0.05 12.2069 11.5922 12.5386
0.1 16.3085 15.828 16.5998
0.2 22.2025 21.0593 22.5711
0.4 29.5627 27.5469 30.1508
0.6 34.9356 32.2632 35.9642
1.0 44.1012 40.1735 46.0294


# NNLO+LLR_combined_y_2.5
R central min max
0.03 10.2074 8.63681 11.5343
0.05 13.1905 11.523 14.532
0.1 17.359 15.6682 18.5889
0.2 23.1035 21.1528 24.2557
0.4 30.2107 27.7888 31.3761
0.6 35.3685 32.4943 36.6821
1.0 44.1012 40.1735 46.0294


# NNLO+LLR_R015_y_2.5
R central min max
0.03 10.3148 8.31729 11.9625
0.05 13.3332 11.2161 15.0573
0.1 17.6033 15.2386 19.2653
0.2 23.3397 20.8447 25.0441
0.4 30.39 27.4289 32.2022
0.6 35.478 32.0936 37.4527
1.0 44.0344 39.6642 46.5883


# NNLO+LLR_R015_multB_y_2.5
R central min max
0.03 8.33238 6.79983 9.73504
0.05 11.2625 9.49934 12.8459
0.1 15.2561 13.125 17.1315
0.2 21.0898 18.4102 23.3418
0.4 28.4153 25.0079 31.1954
0.6 33.7955 29.8305 36.9907
1.0 43.0702 38.1345 46.9938


# NNLO+LLR_mexpB_y_2.5
R central min max
0.03 10.3067 9.33348 10.7676
0.05 13.168 12.3828 13.4643
0.1 17.2415 16.6835 17.528
0.2 22.852 21.7026 23.2187
0.4 29.9009 27.8742 30.4666
0.6 35.0906 32.4085 36.1113
1.0 44.1012 40.1735 46.0294


