# NLOPS_y_0.0
R central min max
0.03 33.9587 0 0
0.05 45.8564 0 0
0.1 68.6429 0 0
0.2 100.257 0 0
0.4 143.253 0 0
0.6 176.265 0 0
1.0 235.509 0 0


# NLOPS_mur0.5_muf0.5_y_0.0
R central min max
0.03 37.7429 0 0
0.05 51.0392 0 0
0.1 76.6011 0 0
0.2 111.178 0 0
0.4 158.992 0 0
0.6 195.405 0 0
1.0 261.684 0 0


# NLOPS_mur0.5_muf1.0_y_0.0
R central min max
0.03 37.6473 0 0
0.05 50.6649 0 0
0.1 76.0844 0 0
0.2 110.315 0 0
0.4 157.772 0 0
0.6 194.661 0 0
1.0 260.751 0 0


# NLOPS_mur1.0_muf0.5_y_0.0
R central min max
0.03 33.989 0 0
0.05 46.1439 0 0
0.1 69.0515 0 0
0.2 100.985 0 0
0.4 144.181 0 0
0.6 178.109 0 0
1.0 237.461 0 0


# NLOPS_mur1.0_muf2.0_y_0.0
R central min max
0.03 33.3692 0 0
0.05 45.1536 0 0
0.1 67.711 0 0
0.2 98.9009 0 0
0.4 140.532 0 0
0.6 173.965 0 0
1.0 233.235 0 0


# NLOPS_mur2.0_muf1.0_y_0.0
R central min max
0.03 37.751 0 0
0.05 50.7018 0 0
0.1 76.634 0 0
0.2 111.005 0 0
0.4 158.434 0 0
0.6 195.128 0 0
1.0 261.467 0 0


# NLOPS_mur2.0_muf2.0_y_0.0
R central min max
0.03 37.7271 0 0
0.05 50.6833 0 0
0.1 76.3177 0 0
0.2 110.687 0 0
0.4 158.185 0 0
0.6 195.146 0 0
1.0 261.351 0 0


# NLOPS_py6_y_0.0
R central min max
0.03 28.3966 0 0
0.05 40.4568 0 0
0.1 64.3984 0 0
0.2 97.8334 0 0
0.4 141.79 0 0
0.6 175.156 0 0
1.0 233.5 0 0


# NLOPS_hw6_y_0.0
R central min max
0.03 34.769 0 0
0.05 42.2659 0 0
0.1 58.231 0 0
0.2 82.1692 0 0
0.4 116.333 0 0
0.6 143.496 0 0
1.0 192.495 0 0


# NLOPS_noISR_y_0.0
R central min max
0.03 31.6745 0 0
0.05 42.7766 0 0
0.1 63.7128 0 0
0.2 92.2806 0 0
0.4 128.08 0 0
0.6 152.307 0 0
1.0 186.705 0 0


# NLOPS_py6_noISR_y_0.0
R central min max
0.03 24.9827 0 0
0.05 35.4198 0 0
0.1 55.8447 0 0
0.2 84.5086 0 0
0.4 121.682 0 0
0.6 148.077 0 0
1.0 187.891 0 0


# NLO_y_0.0
R central min max
0.1 178.416 0 0
0.2 179.101 0 0
0.3 180.496 0 0
0.4 182.483 0 0
0.5 184.873 0 0
0.6 187.506 0 0
0.7 190.497 0 0
0.8 193.684 0 0
0.9 197.046 0 0
1.0 200.453 0 0


# LOPS_y_0.0
R central min max
0.03 37.0359 0 0
0.05 50.0887 0 0
0.1 75.8759 0 0
0.2 111.532 0 0
0.4 160.666 0 0
0.6 196.959 0 0
1.0 254.37 0 0


# NLOPS_y_0.5
R central min max
0.03 32.0325 0 0
0.05 43.1167 0 0
0.1 64.3574 0 0
0.2 93.5071 0 0
0.4 132.568 0 0
0.6 163.273 0 0
1.0 217.342 0 0


# NLOPS_mur0.5_muf0.5_y_0.5
R central min max
0.03 35.5564 0 0
0.05 47.8853 0 0
0.1 71.4992 0 0
0.2 103.874 0 0
0.4 147.385 0 0
0.6 181.791 0 0
1.0 242.465 0 0


# NLOPS_mur0.5_muf1.0_y_0.5
R central min max
0.03 35.2164 0 0
0.05 47.5005 0 0
0.1 70.8707 0 0
0.2 102.999 0 0
0.4 146.504 0 0
0.6 180.514 0 0
1.0 241.345 0 0


# NLOPS_mur1.0_muf0.5_y_0.5
R central min max
0.03 32.0887 0 0
0.05 43.3764 0 0
0.1 64.5651 0 0
0.2 93.8955 0 0
0.4 133.513 0 0
0.6 163.843 0 0
1.0 218.628 0 0


# NLOPS_mur1.0_muf2.0_y_0.5
R central min max
0.03 31.3754 0 0
0.05 42.233 0 0
0.1 63.2887 0 0
0.2 92.1559 0 0
0.4 130.979 0 0
0.6 161.173 0 0
1.0 215.174 0 0


# NLOPS_mur2.0_muf1.0_y_0.5
R central min max
0.03 35.261 0 0
0.05 47.3806 0 0
0.1 70.6438 0 0
0.2 102.605 0 0
0.4 145.969 0 0
0.6 180.141 0 0
1.0 241.693 0 0


# NLOPS_mur2.0_muf2.0_y_0.5
R central min max
0.03 35.2139 0 0
0.05 47.4162 0 0
0.1 70.7334 0 0
0.2 102.781 0 0
0.4 146.184 0 0
0.6 180.299 0 0
1.0 241.369 0 0


# NLOPS_py6_y_0.5
R central min max
0.03 26.7694 0 0
0.05 38.2304 0 0
0.1 60.3713 0 0
0.2 91.7002 0 0
0.4 131.859 0 0
0.6 162.28 0 0
1.0 214.548 0 0


# NLOPS_hw6_y_0.5
R central min max
0.03 33.1375 0 0
0.05 40.1479 0 0
0.1 55.0606 0 0
0.2 77.1517 0 0
0.4 108.713 0 0
0.6 134.12 0 0
1.0 179.719 0 0


# NLOPS_noISR_y_0.5
R central min max
0.03 29.8298 0 0
0.05 40.219 0 0
0.1 59.6538 0 0
0.2 85.721 0 0
0.4 118.58 0 0
0.6 140.808 0 0
1.0 172.254 0 0


# NLOPS_py6_noISR_y_0.5
R central min max
0.03 23.656 0 0
0.05 33.4411 0 0
0.1 52.4674 0 0
0.2 78.7525 0 0
0.4 112.87 0 0
0.6 136.673 0 0
1.0 173.018 0 0


# NLO_y_0.5
R central min max
0.1 165.429 0 0
0.2 166.065 0 0
0.3 167.342 0 0
0.4 169.149 0 0
0.5 171.327 0 0
0.6 173.773 0 0
0.7 176.517 0 0
0.8 179.472 0 0
0.9 182.516 0 0
1.0 185.699 0 0


# LOPS_y_0.5
R central min max
0.03 34.489 0 0
0.05 46.3745 0 0
0.1 71.4188 0 0
0.2 102.194 0 0
0.4 145.597 0 0
0.6 176.372 0 0
1.0 225.717 0 0


# NLOPS_y_1.0
R central min max
0.03 28.2645 0 0
0.05 37.8224 0 0
0.1 55.7357 0 0
0.2 80.392 0 0
0.4 113.356 0 0
0.6 138.651 0 0
1.0 184.584 0 0


# NLOPS_mur0.5_muf0.5_y_1.0
R central min max
0.03 31.6884 0 0
0.05 42.4424 0 0
0.1 62.8444 0 0
0.2 90.3783 0 0
0.4 126.81 0 0
0.6 154.648 0 0
1.0 206.077 0 0


# NLOPS_mur0.5_muf1.0_y_1.0
R central min max
0.03 31.5061 0 0
0.05 42.2244 0 0
0.1 62.4538 0 0
0.2 89.0628 0 0
0.4 125.099 0 0
0.6 152.817 0 0
1.0 203.171 0 0


# NLOPS_mur1.0_muf0.5_y_1.0
R central min max
0.03 28.498 0 0
0.05 38.2558 0 0
0.1 56.5618 0 0
0.2 81.0525 0 0
0.4 114.41 0 0
0.6 140.018 0 0
1.0 185.558 0 0


# NLOPS_mur1.0_muf2.0_y_1.0
R central min max
0.03 27.8033 0 0
0.05 37.3509 0 0
0.1 55.0474 0 0
0.2 79.3167 0 0
0.4 111.793 0 0
0.6 137.116 0 0
1.0 182.174 0 0


# NLOPS_mur2.0_muf1.0_y_1.0
R central min max
0.03 31.5493 0 0
0.05 42.2597 0 0
0.1 62.4035 0 0
0.2 89.1084 0 0
0.4 125.511 0 0
0.6 153.295 0 0
1.0 204.111 0 0


# NLOPS_mur2.0_muf2.0_y_1.0
R central min max
0.03 31.5324 0 0
0.05 42.1776 0 0
0.1 62.378 0 0
0.2 89.0717 0 0
0.4 125.302 0 0
0.6 153.085 0 0
1.0 203.502 0 0


# NLOPS_py6_y_1.0
R central min max
0.03 23.633 0 0
0.05 33.3803 0 0
0.1 52.3977 0 0
0.2 78.5 0 0
0.4 112.534 0 0
0.6 137.687 0 0
1.0 181.893 0 0


# NLOPS_hw6_y_1.0
R central min max
0.03 30.2472 0 0
0.05 36.4051 0 0
0.1 49.3074 0 0
0.2 68.3718 0 0
0.4 95.5857 0 0
0.6 117.016 0 0
1.0 155.511 0 0


# NLOPS_noISR_y_1.0
R central min max
0.03 26.4346 0 0
0.05 35.227 0 0
0.1 51.8718 0 0
0.2 74.0964 0 0
0.4 101.678 0 0
0.6 120.388 0 0
1.0 146.668 0 0


# NLOPS_py6_noISR_y_1.0
R central min max
0.03 21.0584 0 0
0.05 29.4755 0 0
0.1 45.7552 0 0
0.2 68.1821 0 0
0.4 96.9365 0 0
0.6 117.163 0 0
1.0 147.355 0 0


# NLO_y_1.0
R central min max
0.1 141.662 0 0
0.2 142.205 0 0
0.3 143.286 0 0
0.4 144.775 0 0
0.5 146.589 0 0
0.6 148.624 0 0
0.7 150.889 0 0
0.8 153.324 0 0
0.9 155.82 0 0
1.0 158.483 0 0


# LOPS_y_1.0
R central min max
0.03 27.2729 0 0
0.05 37.3543 0 0
0.1 55.6069 0 0
0.2 83.6227 0 0
0.4 120.446 0 0
0.6 151.752 0 0
1.0 195.898 0 0


# NLOPS_y_1.5
R central min max
0.03 23.1421 0 0
0.05 30.6417 0 0
0.1 44.8336 0 0
0.2 63.3903 0 0
0.4 88.2555 0 0
0.6 107.372 0 0
1.0 141.286 0 0


# NLOPS_mur0.5_muf0.5_y_1.5
R central min max
0.03 25.6671 0 0
0.05 34.179 0 0
0.1 49.9883 0 0
0.2 70.837 0 0
0.4 98.8616 0 0
0.6 120.398 0 0
1.0 157.391 0 0


# NLOPS_mur0.5_muf1.0_y_1.5
R central min max
0.03 25.3861 0 0
0.05 33.7495 0 0
0.1 49.2588 0 0
0.2 69.7955 0 0
0.4 97.7972 0 0
0.6 119.38 0 0
1.0 157.029 0 0


# NLOPS_mur1.0_muf0.5_y_1.5
R central min max
0.03 23.6404 0 0
0.05 31.4809 0 0
0.1 45.6037 0 0
0.2 64.7652 0 0
0.4 90.1557 0 0
0.6 109.662 0 0
1.0 143.303 0 0


# NLOPS_mur1.0_muf2.0_y_1.5
R central min max
0.03 22.6737 0 0
0.05 30.4022 0 0
0.1 44.1957 0 0
0.2 62.7886 0 0
0.4 87.5204 0 0
0.6 106.242 0 0
1.0 140.369 0 0


# NLOPS_mur2.0_muf1.0_y_1.5
R central min max
0.03 25.4063 0 0
0.05 33.6616 0 0
0.1 49.393 0 0
0.2 70.0255 0 0
0.4 97.6673 0 0
0.6 118.953 0 0
1.0 156.339 0 0


# NLOPS_mur2.0_muf2.0_y_1.5
R central min max
0.03 25.4862 0 0
0.05 33.7767 0 0
0.1 49.4065 0 0
0.2 69.9501 0 0
0.4 97.6869 0 0
0.6 119.093 0 0
1.0 156.506 0 0


# NLOPS_py6_y_1.5
R central min max
0.03 19.4637 0 0
0.05 27.1787 0 0
0.1 42.0783 0 0
0.2 61.9232 0 0
0.4 87.5456 0 0
0.6 106.861 0 0
1.0 140.037 0 0


# NLOPS_hw6_y_1.5
R central min max
0.03 25.5023 0 0
0.05 30.4366 0 0
0.1 40.7541 0 0
0.2 55.8474 0 0
0.4 76.7519 0 0
0.6 93.1423 0 0
1.0 122.849 0 0


# NLOPS_noISR_y_1.5
R central min max
0.03 21.751 0 0
0.05 28.8469 0 0
0.1 41.6767 0 0
0.2 58.7661 0 0
0.4 79.7848 0 0
0.6 93.7399 0 0
1.0 113.475 0 0


# NLOPS_py6_noISR_y_1.5
R central min max
0.03 17.5113 0 0
0.05 24.3422 0 0
0.1 37.2285 0 0
0.2 54.3202 0 0
0.4 76.5059 0 0
0.6 91.5696 0 0
1.0 114.204 0 0


# NLO_y_1.5
R central min max
0.1 110.371 0 0
0.2 110.767 0 0
0.3 111.578 0 0
0.4 112.686 0 0
0.5 114.043 0 0
0.6 115.609 0 0
0.7 117.338 0 0
0.8 119.188 0 0
0.9 121.149 0 0
1.0 123.18 0 0


# LOPS_y_1.5
R central min max
0.03 22.9219 0 0
0.05 31.1993 0 0
0.1 44.9949 0 0
0.2 66.219 0 0
0.4 94.4469 0 0
0.6 113.23 0 0
1.0 143.368 0 0


# NLOPS_y_2.0
R central min max
0.03 16.5064 0 0
0.05 21.906 0 0
0.1 31.6242 0 0
0.2 44.1815 0 0
0.4 60.6927 0 0
0.6 72.8676 0 0
1.0 94.4427 0 0


# NLOPS_mur0.5_muf0.5_y_2.0
R central min max
0.03 18.2277 0 0
0.05 24.3188 0 0
0.1 35.1492 0 0
0.2 49.3515 0 0
0.4 67.8617 0 0
0.6 81.8006 0 0
1.0 106.234 0 0


# NLOPS_mur0.5_muf1.0_y_2.0
R central min max
0.03 18.1017 0 0
0.05 24.062 0 0
0.1 34.4478 0 0
0.2 48.7298 0 0
0.4 66.8771 0 0
0.6 79.9118 0 0
1.0 104.354 0 0


# NLOPS_mur1.0_muf0.5_y_2.0
R central min max
0.03 16.6058 0 0
0.05 22.0083 0 0
0.1 31.7867 0 0
0.2 44.5832 0 0
0.4 61.1845 0 0
0.6 73.5705 0 0
1.0 95.3975 0 0


# NLOPS_mur1.0_muf2.0_y_2.0
R central min max
0.03 15.9397 0 0
0.05 21.0649 0 0
0.1 30.7215 0 0
0.2 43.0397 0 0
0.4 59.2412 0 0
0.6 71.8912 0 0
1.0 93.4874 0 0


# NLOPS_mur2.0_muf1.0_y_2.0
R central min max
0.03 17.9839 0 0
0.05 23.8915 0 0
0.1 34.4411 0 0
0.2 48.647 0 0
0.4 66.8249 0 0
0.6 80.2061 0 0
1.0 104.311 0 0


# NLOPS_mur2.0_muf2.0_y_2.0
R central min max
0.03 18.0396 0 0
0.05 23.9398 0 0
0.1 34.4446 0 0
0.2 48.5804 0 0
0.4 66.6924 0 0
0.6 79.9441 0 0
1.0 104.02 0 0


# NLOPS_py6_y_2.0
R central min max
0.03 13.5732 0 0
0.05 19.2139 0 0
0.1 29.5399 0 0
0.2 42.8282 0 0
0.4 59.4766 0 0
0.6 71.7601 0 0
1.0 93.3738 0 0


# NLOPS_hw6_y_2.0
R central min max
0.03 18.8783 0 0
0.05 22.6804 0 0
0.1 30.0594 0 0
0.2 40.488 0 0
0.4 54.683 0 0
0.6 65.7285 0 0
1.0 85.1613 0 0


# NLOPS_noISR_y_2.0
R central min max
0.03 15.4288 0 0
0.05 20.3856 0 0
0.1 29.3296 0 0
0.2 40.714 0 0
0.4 54.6721 0 0
0.6 63.9261 0 0
1.0 76.9116 0 0


# NLOPS_py6_noISR_y_2.0
R central min max
0.03 12.4065 0 0
0.05 17.3825 0 0
0.1 26.459 0 0
0.2 38.2803 0 0
0.4 52.9868 0 0
0.6 63.0389 0 0
1.0 77.6818 0 0


# NLO_y_2.0
R central min max
0.1 75.9699 0 0
0.2 76.2344 0 0
0.3 76.8005 0 0
0.4 77.5413 0 0
0.5 78.4418 0 0
0.6 79.4532 0 0
0.7 80.5657 0 0
0.8 81.7775 0 0
0.9 83.0313 0 0
1.0 84.3352 0 0


# LOPS_y_2.0
R central min max
0.03 16.767 0 0
0.05 20.5873 0 0
0.1 29.8198 0 0
0.2 42.3419 0 0
0.4 60.8068 0 0
0.6 73.7535 0 0
1.0 97.7366 0 0


# NLOPS_y_2.5
R central min max
0.03 8.497 0 0
0.05 11.4163 0 0
0.1 16.6954 0 0
0.2 23.5677 0 0
0.4 32.2203 0 0
0.6 38.704 0 0
1.0 49.5152 0 0


# NLOPS_mur0.5_muf0.5_y_2.5
R central min max
0.03 9.44637 0 0
0.05 12.6728 0 0
0.1 18.6293 0 0
0.2 26.5284 0 0
0.4 36.5757 0 0
0.6 43.6048 0 0
1.0 56.0278 0 0


# NLOPS_mur0.5_muf1.0_y_2.5
R central min max
0.03 9.4158 0 0
0.05 12.7016 0 0
0.1 18.5535 0 0
0.2 26.0632 0 0
0.4 35.438 0 0
0.6 42.3564 0 0
1.0 54.6422 0 0


# NLOPS_mur1.0_muf0.5_y_2.5
R central min max
0.03 8.45019 0 0
0.05 11.3886 0 0
0.1 16.7407 0 0
0.2 23.6298 0 0
0.4 32.5415 0 0
0.6 39.0285 0 0
1.0 50.2566 0 0


# NLOPS_mur1.0_muf2.0_y_2.5
R central min max
0.03 8.06549 0 0
0.05 10.7926 0 0
0.1 15.7974 0 0
0.2 22.4735 0 0
0.4 30.9836 0 0
0.6 37.0498 0 0
1.0 47.858 0 0


# NLOPS_mur2.0_muf1.0_y_2.5
R central min max
0.03 9.41858 0 0
0.05 12.7168 0 0
0.1 18.5446 0 0
0.2 25.9645 0 0
0.4 35.4869 0 0
0.6 42.6015 0 0
1.0 54.9198 0 0


# NLOPS_mur2.0_muf2.0_y_2.5
R central min max
0.03 9.3728 0 0
0.05 12.6981 0 0
0.1 18.5268 0 0
0.2 26.0537 0 0
0.4 35.5551 0 0
0.6 42.617 0 0
1.0 54.8952 0 0


# NLOPS_py6_y_2.5
R central min max
0.03 7.01995 0 0
0.05 10.047 0 0
0.1 15.6254 0 0
0.2 23.072 0 0
0.4 32.1958 0 0
0.6 38.497 0 0
1.0 48.9532 0 0


# NLOPS_hw6_y_2.5
R central min max
0.03 10.4713 0 0
0.05 12.5267 0 0
0.1 16.5212 0 0
0.2 22.2487 0 0
0.4 30.0049 0 0
0.6 35.768 0 0
1.0 46.4456 0 0


# NLOPS_noISR_y_2.5
R central min max
0.03 8.09949 0 0
0.05 10.8355 0 0
0.1 15.7575 0 0
0.2 21.9446 0 0
0.4 29.3713 0 0
0.6 34.2797 0 0
1.0 41.0299 0 0


# NLOPS_py6_noISR_y_2.5
R central min max
0.03 6.53346 0 0
0.05 9.23126 0 0
0.1 14.2334 0 0
0.2 20.7395 0 0
0.4 28.6538 0 0
0.6 33.8682 0 0
1.0 41.3571 0 0


# NLO_y_2.5
R central min max
0.1 41.8327 0 0
0.2 41.9684 0 0
0.3 42.2498 0 0
0.4 42.62 0 0
0.5 43.0679 0 0
0.6 43.5762 0 0
0.7 44.1391 0 0
0.8 44.7747 0 0
0.9 45.427 0 0
1.0 46.1095 0 0


# LOPS_y_2.5
R central min max
0.03 8.27737 0 0
0.05 10.8243 0 0
0.1 16.6609 0 0
0.2 24.9382 0 0
0.4 35.338 0 0
0.6 41.5991 0 0
1.0 51.1499 0 0


