# integrated_xsct_v_R_simple_K115.sh
# LO_y_0.0
R central min max
0.03 154.556 122.121 199.006
0.05 154.556 122.121 199.006
0.1 154.556 122.121 199.006
0.2 154.556 122.121 199.006
0.4 154.556 122.121 199.006
0.6 154.556 122.121 199.006
1.0 154.556 122.121 199.006


# NLO_y_0.0
R central min max
0.03 32.1574 -28.8203 62.1096
0.05 54.9321 3.79621 78.4418
0.1 85.6908 47.8477 100.499
0.2 116.682 92.2357 122.739
0.4 148.539 137.864 149.996
0.6 168.407 159.805 169.363
1.0 196.676 180.053 207.266


# NLO_mult_y_0.0
R central min max
0.03 -12.6541 -32.797 11.8951
0.05 16.3233 -4.95174 33.6029
0.1 55.4604 38.173 69.3052
0.2 94.8928 80.4463 105.904
0.4 135.427 121.879 144.795
0.6 160.707 146.47 170.026
1.0 196.676 180.053 207.266


# NLO_mult_narrowband_y_0.0
R central min max
0.03 -12.6541 -39.2834 6.82117
0.05 16.3233 -5.15624 31.0686
0.1 55.4604 40.9369 63.8167
0.2 94.8928 87.3715 96.9157
0.4 135.427 129.21 136.833
0.6 160.707 150.204 164.895
1.0 196.676 180.053 207.266


# NLO+LLR_y_0.0
R central min max
0.03 55.4418 45.596 63.8319
0.05 68.5303 58.2434 76.8916
0.1 89.2899 78.5914 97.3021
0.2 114.035 102.953 121.448
0.4 143.722 131.745 150.792
0.6 164.421 151.176 172.071
1.0 196.676 180.053 207.266


# NLO+LLR_narrowband_y_0.0
R central min max
0.03 55.4418 48.2034 59.3724
0.05 68.5303 61.7915 71.4205
0.1 89.2899 83.8674 90.3326
0.2 114.035 110.402 115.062
0.4 143.722 136.288 144.941
0.6 164.421 153.672 168.608
1.0 196.676 180.053 207.266


# NLO+LLR_mB_y_0.0
R central min max
0.03 54.6907 44.4265 63.5952
0.05 67.6184 56.7503 76.6816
0.1 88.1129 76.553 97.1852
0.2 112.586 100.347 121.529
0.4 142.152 128.909 151.109
0.6 163.094 148.831 172.38
1.0 196.676 180.053 207.266


# NLO+LLR_mB_narrowband_y_0.0
R central min max
0.03 54.6907 47.9933 58.3706
0.05 67.6184 61.5358 70.2399
0.1 88.1129 83.5442 89.1132
0.2 112.586 108.94 113.781
0.4 142.152 134.286 143.967
0.6 163.094 152.002 168.044
1.0 196.676 180.053 207.266


# NLO+LLR_R015_y_0.0
R central min max
0.03 50.7618 40.0641 60.2994
0.05 63.5807 52.1191 73.4792
0.1 84.0565 71.6678 94.2966
0.2 108.626 95.2906 119.195
0.4 138.219 123.499 149.584
0.6 158.82 142.675 171.382
1.0 190.656 171.191 206.766


# NLO+LLR_R015_mB_y_0.0
R central min max
0.03 48.8056 37.6271 59.2319
0.05 61.1534 48.955 72.3161
0.1 80.8628 67.307 93.0349
0.2 104.577 89.5997 117.898
0.4 133.446 116.744 148.301
0.6 154.033 135.969 170.165
1.0 187.293 166.622 205.879


# pseudo_NNLO_y_0.0
R central min max
0.03 18.3174 17.9013 24.157
0.05 42.3352 42.1818 46.3614
0.1 76.8266 76.386 78.1499
0.2 113.47 110.186 114.488
0.4 155.033 146.696 158.636
0.6 182.777 170.558 189.071
1.0 226.177 207.061 238.356


# NNLO_mult_y_0.0
R central min max
0.03 -12.3935 -11.0012 -17.8591
0.05 13.6708 12.3495 17.0697
0.1 51.8784 47.2544 56.716
0.2 93.1439 84.7707 99.6903
0.4 141.263 128.963 149.627
0.6 173.939 159.058 183.624
1.0 226.177 207.061 238.356


# NNLO_mult_narrowband_y_0.0
R central min max
0.03 -12.3935 -13.5084 -6.32209
0.05 13.6708 13.2092 17.6471
0.1 51.8784 50.9335 53.7409
0.2 93.1439 88.9189 95.5166
0.4 141.263 132.452 145.933
0.6 173.939 161.455 180.998
1.0 226.177 207.061 238.356


# NNLO+LLR_multA_y_0.0
R central min max
0.03 45.5968 37.9885 52.4769
0.05 60.2827 51.7773 67.7128
0.1 84.6775 75.0472 92.4851
0.2 114.707 103.965 122.731
0.4 152.819 140.261 161.312
0.6 180.42 165.932 189.706
1.0 226.177 207.061 238.356


# NNLO+LLR_multA_narrowband_y_0.0
R central min max
0.03 45.5968 38.5105 50.0734
0.05 60.2827 53.8493 63.7264
0.1 84.6775 79.2253 86.0271
0.2 114.707 111.344 115.245
0.4 152.819 145.113 154.895
0.6 180.42 168.673 185.935
1.0 226.177 207.061 238.356


# NNLO+LLR_multB_y_0.0
R central min max
0.03 36.814 31.7846 41.8078
0.05 51.2513 45.3472 56.811
0.1 75.7574 67.8555 82.1069
0.2 106.382 96.4067 113.67
0.4 146.274 133.456 154.893
0.6 175.753 160.704 185.526
1.0 226.177 207.061 238.356


# NNLO+LLR_multB_narrowband_y_0.0
R central min max
0.03 36.814 34.5921 38.2894
0.05 51.2513 49.6484 52.0232
0.1 75.7574 73.6466 76.4142
0.2 106.382 101.342 107.66
0.4 146.274 137.054 150.678
0.6 175.753 163.091 182.773
1.0 226.177 207.061 238.356


# NNLO+LLR_combined_y_0.0
R central min max
0.03 45.5968 36.8136 52.4769
0.05 60.2827 51.2373 67.7128
0.1 84.6775 75.0472 92.4851
0.2 114.707 103.965 122.731
0.4 152.819 140.261 161.312
0.6 180.42 165.932 189.706
1.0 226.177 207.061 238.356


# NNLO+LLR_R015_y_0.0
R central min max
0.03 46.2568 32.5135 55.0769
0.05 60.9933 46.1858 70.7281
0.1 85.4311 69.622 96.1063
0.2 115.503 99.0832 127.05
0.4 153.486 137.393 166.109
0.6 180.882 163.153 194.542
1.0 225.961 203.88 242.625


# NNLO+LLR_R015_multB_y_0.0
R central min max
0.03 32.5135 27.2811 38.0959
0.05 46.1858 39.7033 52.9372
0.1 69.623 60.49 78.3507
0.2 99.1073 87.0797 110.32
0.4 137.889 122.022 152.407
0.6 166.79 148.024 183.815
1.0 216.926 193.107 238.397


# NNLO+LLR_mexpB_y_0.0
R central min max
0.03 42.6145 39.0264 44.7317
0.05 56.4365 53.6362 57.6539
0.1 79.9121 77.6983 80.6709
0.2 109.43 104.512 110.434
0.4 147.912 138.687 152.078
0.6 176.524 163.838 183.46
1.0 226.177 207.061 238.356


# LO_y_0.5
R central min max
0.03 143.009 112.854 184.432
0.05 143.009 112.854 184.432
0.1 143.009 112.854 184.432
0.2 143.009 112.854 184.432
0.4 143.009 112.854 184.432
0.6 143.009 112.854 184.432
1.0 143.009 112.854 184.432


# NLO_y_0.5
R central min max
0.03 30.5747 -25.9823 58.1604
0.05 51.4447 3.97569 73.0985
0.1 79.7142 44.5486 93.3358
0.2 108.188 85.4182 113.739
0.4 137.525 127.524 138.885
0.6 155.837 147.819 156.71
1.0 181.85 166.419 191.6


# NLO_mult_y_0.5
R central min max
0.03 -10.4856 -29.0491 11.9935
0.05 16.0485 -3.51011 31.9312
0.1 51.9912 36.0687 64.7286
0.2 88.1943 74.8432 98.3383
0.4 125.494 112.927 134.128
0.6 148.776 135.555 157.363
1.0 181.85 166.419 191.6


# NLO_mult_narrowband_y_0.5
R central min max
0.03 -10.4856 -34.8716 7.3155
0.05 16.0485 -3.63064 29.5221
0.1 51.9912 38.6878 59.6026
0.2 88.1943 81.3043 90.0176
0.4 125.494 119.68 126.79
0.6 148.776 138.996 152.648
1.0 181.85 166.419 191.6


# NLO+LLR_y_0.5
R central min max
0.03 51.9442 42.8146 59.6878
0.05 63.9994 54.4822 71.6963
0.1 83.1075 73.2174 90.467
0.2 105.844 95.5938 112.641
0.4 133.146 122.043 139.633
0.6 152.197 139.9 159.231
1.0 181.85 166.419 191.6


# NLO+LLR_narrowband_y_0.5
R central min max
0.03 51.9442 45.2222 55.5355
0.05 63.9994 57.7357 66.6231
0.1 83.1075 78.0423 84.046
0.2 105.844 102.367 106.778
0.4 133.146 126.216 134.277
0.6 152.197 142.196 156.057
1.0 181.85 166.419 191.6


# NLO+LLR_mB_y_0.5
R central min max
0.03 51.2289 41.6946 59.4662
0.05 63.1292 53.0506 71.4993
0.1 81.9913 71.2765 90.3609
0.2 104.476 93.1253 112.723
0.4 131.679 119.385 139.937
0.6 150.968 137.721 159.525
1.0 181.85 166.419 191.6


# NLO+LLR_mB_narrowband_y_0.5
R central min max
0.03 51.2289 45.0452 54.5815
0.05 63.1292 57.5301 65.4969
0.1 81.9913 77.7917 82.9006
0.2 104.476 101.037 105.574
0.4 131.679 124.343 133.369
0.6 150.968 140.644 155.538
1.0 181.85 166.419 191.6


# NLO+LLR_R015_y_0.5
R central min max
0.03 47.6583 37.714 56.4814
0.05 59.4855 48.8609 68.616
0.1 78.3488 66.883 87.7733
0.2 100.932 88.5936 110.644
0.4 128.143 114.505 138.589
0.6 147.094 132.121 158.655
1.0 176.352 158.297 191.201


# NLO+LLR_R015_mB_y_0.5
R central min max
0.03 45.8102 35.3997 55.4891
0.05 57.194 45.8606 67.5372
0.1 75.35 62.7736 86.6138
0.2 97.1469 83.2574 109.464
0.4 123.712 108.221 137.442
0.6 142.674 125.915 157.579
1.0 173.258 154.084 190.417


# pseudo_NNLO_y_0.5
R central min max
0.03 21.3009 20.6484 26.0054
0.05 41.4175 40.9987 44.7592
0.1 72.1651 71.3676 73.4506
0.2 105.646 102.382 106.581
0.4 143.545 135.571 146.742
0.6 169.422 157.728 175.313
1.0 209.127 191.382 220.34


# NNLO_mult_y_0.5
R central min max
0.03 -5.46587 -4.89838 -8.27929
0.05 15.6677 14.2299 18.7457
0.1 49.4065 44.9042 54.0455
0.2 87.058 79.1739 93.22
0.4 130.83 119.357 138.583
0.6 161.397 147.551 170.34
1.0 209.127 191.382 220.34


# NNLO_mult_narrowband_y_0.5
R central min max
0.03 -5.46587 -5.91635 -2.14555
0.05 15.6677 15.121 18.1176
0.1 49.4065 48.0263 50.8633
0.2 87.058 82.87 89.1304
0.4 130.83 122.255 135.008
0.6 161.397 149.283 167.975
1.0 209.127 191.382 220.34


# NNLO+LLR_multA_y_0.5
R central min max
0.03 43.7314 36.448 50.147
0.05 56.8263 48.8361 63.6136
0.1 79.0458 70.0712 86.2105
0.2 106.642 96.6231 113.992
0.4 141.527 129.74 149.248
0.6 167.225 153.497 175.845
1.0 209.127 191.382 220.34


# NNLO+LLR_multA_narrowband_y_0.5
R central min max
0.03 43.7314 37.1176 47.6634
0.05 56.8263 50.4417 59.9305
0.1 79.0458 73.9134 80.2813
0.2 106.642 103.348 107.142
0.4 141.527 134.178 143.357
0.6 167.225 156.01 172.385
1.0 209.127 191.382 220.34


# NNLO+LLR_multB_y_0.5
R central min max
0.03 35.9785 30.8507 40.6819
0.05 48.6428 42.6659 53.8762
0.1 70.855 63.3938 76.8144
0.2 98.9955 89.6594 105.798
0.4 135.444 123.502 143.418
0.6 163.011 149.012 172.032
1.0 209.127 191.382 220.34


# NNLO+LLR_multB_narrowband_y_0.5
R central min max
0.03 35.9785 33.5882 37.2865
0.05 48.6428 46.5642 49.3919
0.1 70.855 68.7327 71.4733
0.2 98.9955 94.1486 100.111
0.4 135.444 126.568 139.42
0.6 163.011 150.799 169.54
1.0 209.127 191.382 220.34


# NNLO+LLR_combined_y_0.5
R central min max
0.03 43.7314 35.9706 50.147
0.05 56.8263 48.5847 63.6136
0.1 79.0458 70.0712 86.2105
0.2 106.642 96.6231 113.992
0.4 141.527 129.74 149.248
0.6 167.225 153.497 175.845
1.0 209.127 191.382 220.34


# NNLO+LLR_R015_y_0.5
R central min max
0.03 44.2118 31.9825 52.367
0.05 57.4442 43.9504 66.3135
0.1 79.7529 65.1828 89.5435
0.2 107.393 92.266 117.974
0.4 142.179 127.059 153.697
0.6 167.652 150.982 180.275
1.0 208.947 188.47 224.274


# NNLO+LLR_R015_multB_y_0.5
R central min max
0.03 31.9825 26.6381 37.311
0.05 43.9504 37.4171 50.3561
0.1 65.1844 56.5586 73.3865
0.2 92.2914 81.0338 102.761
0.4 127.716 112.938 141.164
0.6 154.796 137.351 170.556
1.0 200.644 178.545 220.469


# NNLO+LLR_mexpB_y_0.5
R central min max
0.03 40.8924 37.356 42.7756
0.05 53.2606 50.2724 54.3702
0.1 74.6545 72.3553 75.3605
0.2 101.79 97.0744 102.751
0.4 136.979 128.136 140.749
0.6 163.697 151.502 170.145
1.0 209.127 191.382 220.34


# LO_y_1.0
R central min max
0.03 121.948 96.0003 157.74
0.05 121.948 96.0003 157.74
0.1 121.948 96.0003 157.74
0.2 121.948 96.0003 157.74
0.4 121.948 96.0003 157.74
0.6 121.948 96.0003 157.74
1.0 121.948 96.0003 157.74


# NLO_y_1.0
R central min max
0.03 28.3857 -19.6005 51.4116
0.05 45.8711 5.59588 63.8879
0.1 69.484 39.6275 80.7337
0.2 93.2355 73.8617 97.7039
0.4 117.727 109.161 118.887
0.6 133.041 126.069 133.771
1.0 154.93 141.669 163.195


# NLO_mult_y_1.0
R central min max
0.03 -5.82002 -21.6458 12.6341
0.05 16.3914 0.0328965 29.6693
0.1 46.387 32.9994 57.0644
0.2 76.5587 65.222 85.1061
0.4 107.67 96.8895 114.989
0.6 127.124 115.753 134.413
1.0 154.93 141.669 163.195


# NLO_mult_narrowband_y_1.0
R central min max
0.03 -5.82002 -26.0278 8.82664
0.05 16.3914 0.114583 27.4193
0.1 46.387 35.4166 52.5279
0.2 76.5587 70.9063 77.9286
0.4 107.67 102.54 108.784
0.6 127.124 118.652 130.458
1.0 154.93 141.669 163.195


# NLO+LLR_y_1.0
R central min max
0.03 45.6964 37.8218 52.3109
0.05 55.9618 47.7818 62.5099
0.1 72.1093 63.6251 78.3461
0.2 91.207 82.4067 96.9556
0.4 114.07 104.52 119.556
0.6 130.013 119.438 135.96
1.0 154.93 141.669 163.195


# NLO+LLR_narrowband_y_1.0
R central min max
0.03 45.6964 39.9065 48.6576
0.05 55.9618 50.601 58.0677
0.1 72.1093 67.796 72.8165
0.2 91.207 88.189 91.9885
0.4 114.07 108.017 115.05
0.6 130.013 121.365 133.313
1.0 154.93 141.669 163.195


# NLO+LLR_mB_y_1.0
R central min max
0.03 45.0789 36.8436 52.1292
0.05 55.2186 46.546 62.3544
0.1 71.1596 61.9605 78.2715
0.2 90.0402 80.2903 97.0406
0.4 112.814 102.238 119.826
0.6 128.954 117.557 136.219
1.0 154.93 141.669 163.195


# NLO+LLR_mB_narrowband_y_1.0
R central min max
0.03 45.0789 39.8094 47.8369
0.05 55.2186 50.4879 57.1111
0.1 71.1596 67.6265 71.9168
0.2 90.0402 86.9348 90.9737
0.4 112.814 106.407 114.32
0.6 128.954 120.025 132.87
1.0 154.93 141.669 163.195


# NLO+LLR_R015_y_1.0
R central min max
0.03 42.0789 33.4626 49.65
0.05 52.182 43.0233 59.981
0.1 68.1569 58.3124 76.1692
0.2 87.1482 76.5688 95.3768
0.4 109.943 98.2494 118.77
0.6 125.8 112.965 135.561
1.0 150.369 134.89 162.951


# NLO+LLR_R015_mB_y_1.0
R central min max
0.03 40.4697 31.4242 48.8196
0.05 50.2046 40.4068 59.0926
0.1 65.5848 54.7591 75.2293
0.2 83.9089 71.9764 94.4317
0.4 106.156 92.8572 117.865
0.6 122.023 107.642 134.716
1.0 147.744 131.304 162.334


# pseudo_NNLO_y_1.0
R central min max
0.03 20.3304 20.1282 24.6346
0.05 38.9067 38.6841 41.6668
0.1 64.1788 63.7869 65.0294
0.2 91.3971 88.5215 92.1658
0.4 123.145 116.368 125.925
0.6 144.836 134.939 149.843
1.0 178.17 162.919 187.674


# NNLO_mult_y_1.0
R central min max
0.03 -2.43489 -2.30828 -2.35062
0.05 17.7947 16.2489 20.3327
0.1 45.3875 41.3763 49.3025
0.2 75.7714 68.8937 81.0451
0.4 112.479 102.551 119.08
0.6 138.118 126.162 145.73
1.0 178.17 162.919 187.674


# NNLO_mult_narrowband_y_1.0
R central min max
0.03 -2.43489 -2.60243 0.610372
0.05 17.7947 17.5717 19.8299
0.1 45.3875 44.2236 46.8941
0.2 75.7714 72.1753 77.5019
0.4 112.479 105.328 116.079
0.6 138.118 128.029 143.683
1.0 178.17 162.919 187.674


# NNLO+LLR_multA_y_1.0
R central min max
0.03 38.6282 32.3597 44.1224
0.05 50.4451 43.4647 56.3452
0.1 69.2047 61.4411 75.387
0.2 92.0781 83.5079 98.2771
0.4 121.399 111.379 127.947
0.6 142.976 131.341 150.261
1.0 178.17 162.919 187.674


# NNLO+LLR_multA_narrowband_y_1.0
R central min max
0.03 38.6282 32.7755 41.9825
0.05 50.4451 45.1675 52.8921
0.1 69.2047 65.0624 70.0761
0.2 92.0781 89.2476 92.5382
0.4 121.399 115.117 123.027
0.6 142.976 133.46 147.372
1.0 178.17 162.919 187.674


# NNLO+LLR_multB_y_1.0
R central min max
0.03 31.9039 27.3398 36.0168
0.05 43.6631 38.3742 48.1725
0.1 62.407 55.9014 67.4987
0.2 85.5928 77.4931 91.3968
0.4 116.264 105.945 123.05
0.6 139.434 127.354 147.111
1.0 178.17 162.919 187.674


# NNLO+LLR_multB_narrowband_y_1.0
R central min max
0.03 31.9039 29.7634 33.0207
0.05 43.6631 41.9744 44.2384
0.1 62.407 60.51 63.0622
0.2 85.5928 81.3925 86.567
0.4 116.264 108.794 119.695
0.6 139.434 129.219 144.963
1.0 178.17 162.919 187.674


# NNLO+LLR_combined_y_1.0
R central min max
0.03 38.6282 31.8935 44.1224
0.05 50.4451 43.4443 56.3452
0.1 69.2047 61.4411 75.387
0.2 92.0781 83.5079 98.2771
0.4 121.399 111.379 127.947
0.6 142.976 131.341 150.261
1.0 178.17 162.919 187.674


# NNLO+LLR_R015_y_1.0
R central min max
0.03 39.0546 28.4535 46.0086
0.05 50.9098 39.6881 58.5981
0.1 69.7775 57.6625 78.1901
0.2 92.7481 79.9842 101.665
0.4 121.982 109.434 131.707
0.6 143.366 129.237 153.997
1.0 178.054 160.502 190.999


# NNLO+LLR_R015_multB_y_1.0
R central min max
0.03 28.4536 23.6662 33.1604
0.05 39.6883 33.8695 45.3174
0.1 57.6641 50.1269 64.7846
0.2 80.0085 70.2537 89.0066
0.4 109.882 97.1269 121.394
0.6 132.68 117.644 146.152
1.0 171.226 152.264 188.091


# NNLO+LLR_mexpB_y_1.0
R central min max
0.03 36.1377 33.0663 37.7038
0.05 47.3434 44.8823 48.1771
0.1 65.457 63.6348 66.1495
0.2 87.9386 83.824 88.824
0.4 117.547 110.068 120.808
0.6 140.005 129.772 145.471
1.0 178.17 162.919 187.674


# LO_y_1.5
R central min max
0.03 94.8018 74.3438 123.184
0.05 94.8018 74.3438 123.184
0.1 94.8018 74.3438 123.184
0.2 94.8018 74.3438 123.184
0.4 94.8018 74.3438 123.184
0.6 94.8018 74.3438 123.184
1.0 94.8018 74.3438 123.184


# NLO_y_1.5
R central min max
0.03 24.8753 -12.0151 42.1354
0.05 37.8389 6.78113 51.3369
0.1 55.5486 32.4659 63.9045
0.2 73.4637 58.4437 76.6514
0.4 91.8993 85.1778 92.7905
0.6 103.492 97.9301 104.031
1.0 120.105 109.712 126.409


# NLO_mult_y_1.5
R central min max
0.03 -0.534024 -12.6756 13.0561
0.05 15.8886 3.54548 25.8976
0.1 38.3237 28.1298 46.4099
0.2 61.0188 52.2669 67.5259
0.4 84.3734 75.9341 89.976
0.6 99.0591 90.1305 104.639
1.0 120.105 109.712 126.409


# NLO_mult_narrowband_y_1.5
R central min max
0.03 -0.534024 -15.4834 10.1609
0.05 15.8886 3.82261 23.916
0.1 38.3237 30.19 42.7064
0.2 61.0188 56.8123 61.8996
0.4 84.3734 80.1907 85.2695
0.6 99.0591 92.3282 101.655
1.0 120.105 109.712 126.409


# NLO+LLR_y_1.5
R central min max
0.03 37.1681 30.9387 42.3195
0.05 45.0563 38.6488 50.0967
0.1 57.4043 50.7954 62.1538
0.2 71.9322 65.066 76.2851
0.4 89.1975 81.7212 93.3398
0.6 101.252 92.957 105.763
1.0 120.105 109.712 126.409


# NLO+LLR_narrowband_y_1.5
R central min max
0.03 37.1681 32.5692 39.3775
0.05 45.0563 40.8198 46.5747
0.1 57.4043 54.0065 57.886
0.2 71.9322 69.4953 72.5404
0.4 89.1975 84.3487 89.9758
0.6 101.252 94.4084 103.785
1.0 120.105 109.712 126.409


# NLO+LLR_mB_y_1.5
R central min max
0.03 36.664 30.1239 42.1853
0.05 44.4382 37.6023 49.982
0.1 56.6217 49.4032 62.108
0.2 70.9935 63.344 76.3743
0.4 88.1981 79.8905 93.5759
0.6 100.421 91.4676 105.982
1.0 120.105 109.712 126.409


# NLO+LLR_mB_narrowband_y_1.5
R central min max
0.03 36.664 32.5142 38.7072
0.05 44.4382 40.7498 45.7811
0.1 56.6217 53.8926 57.2132
0.2 70.9935 68.3849 71.7385
0.4 88.1981 83.0566 89.4073
0.6 100.421 93.3459 103.447
1.0 120.105 109.712 126.409


# NLO+LLR_R015_y_1.5
R central min max
0.03 34.3781 27.5131 40.316
0.05 42.1983 34.9832 48.2397
0.1 54.4692 46.7771 60.6074
0.2 68.9475 60.6971 75.2134
0.4 86.1775 77.056 92.8752
0.6 98.1649 88.1416 105.582
1.0 116.742 104.655 126.361


# NLO+LLR_R015_mB_y_1.5
R central min max
0.03 33.0621 25.816 39.6856
0.05 40.5724 32.7966 47.5675
0.1 52.3769 43.846 59.9152
0.2 66.3601 56.9864 74.5501
0.4 83.1871 72.7575 92.2651
0.6 95.21 83.9411 105.028
1.0 114.709 101.853 125.952


# pseudo_NNLO_y_1.5
R central min max
0.03 18.0122 17.7979 20.866
0.05 31.0822 30.8855 33.0608
0.1 50.4014 49.7733 51.1098
0.2 71.882 69.7268 72.44
0.4 96.3092 90.8904 98.4024
0.6 112.493 104.747 116.194
1.0 138.121 126.169 145.37


# NNLO_mult_y_1.5
R central min max
0.03 0.157786 0.169038 -0.866748
0.05 14.1596 12.8779 16.5339
0.1 35.4209 32.0188 38.8292
0.2 59.752 54.1936 63.9792
0.4 88.1721 80.3257 93.2661
0.6 107.243 97.8541 113.07
1.0 138.121 126.169 145.37


# NNLO_mult_narrowband_y_1.5
R central min max
0.03 0.157786 -0.0301334 1.96177
0.05 14.1596 13.8452 15.259
0.1 35.4209 34.9251 35.8959
0.2 59.752 57.0978 60.837
0.4 88.1721 82.4509 90.9072
0.6 107.243 99.3263 111.416
1.0 138.121 126.169 145.37


# NNLO+LLR_multA_y_1.5
R central min max
0.03 31.4066 26.4992 35.641
0.05 40.1511 34.8416 44.5378
0.1 54.538 48.7037 59.0313
0.2 72.4276 65.8775 76.9845
0.4 94.9656 87.1179 99.8972
0.6 111.127 102.063 116.553
1.0 138.121 126.169 145.37


# NNLO+LLR_multA_narrowband_y_1.5
R central min max
0.03 31.4066 26.6174 34.0466
0.05 40.1511 35.6555 42.1042
0.1 54.538 50.8566 55.2854
0.2 72.4276 70.1286 72.828
0.4 94.9656 89.9268 96.2079
0.6 111.127 103.657 114.397
1.0 138.121 126.169 145.37


# NNLO+LLR_multB_y_1.5
R central min max
0.03 25.9687 22.2375 29.3041
0.05 34.5056 30.2437 38.0681
0.1 48.894 43.6789 52.9494
0.2 67.2443 60.7985 71.7937
0.4 90.9769 82.8374 96.2017
0.6 108.274 98.7894 114.148
1.0 138.121 126.169 145.37


# NNLO+LLR_multB_narrowband_y_1.5
R central min max
0.03 25.9687 24.2104 26.8849
0.05 34.5056 33.0675 34.9799
0.1 48.894 47.5034 49.3793
0.2 67.2443 63.9982 68.0345
0.4 90.9769 85.0129 93.6049
0.6 108.274 100.248 112.444
1.0 138.121 126.169 145.37


# NNLO+LLR_combined_y_1.5
R central min max
0.03 31.4066 25.9681 35.641
0.05 40.1511 34.4874 44.5378
0.1 54.538 48.6922 59.0313
0.2 72.4276 65.8775 76.9845
0.4 94.9656 87.1179 99.8972
0.6 111.127 102.063 116.553
1.0 138.121 126.169 145.37


# NNLO+LLR_R015_y_1.5
R central min max
0.03 31.7462 23.1363 37.1119
0.05 40.6073 31.2812 46.3402
0.1 55.1033 45.1145 61.2789
0.2 73.0257 62.8865 79.6442
0.4 95.4687 85.6997 102.795
0.6 111.508 100.553 119.46
1.0 138.088 124.39 147.925


# NNLO+LLR_R015_multB_y_1.5
R central min max
0.03 23.1363 19.201 26.9768
0.05 31.2812 26.6033 35.7389
0.1 45.1149 39.0847 50.7572
0.2 62.9011 55.1673 69.9728
0.4 86.1124 76.0821 95.0597
0.6 103.14 91.3621 113.541
1.0 132.927 118.097 145.922


# NNLO+LLR_mexpB_y_1.5
R central min max
0.03 29.4049 26.9586 30.6171
0.05 37.6872 35.6709 38.3169
0.1 51.5451 50.0298 52.0669
0.2 69.1633 65.9353 69.9471
0.4 91.9814 86.0052 94.4889
0.6 108.752 100.705 112.882
1.0 138.121 126.169 145.37


# LO_y_2.0
R central min max
0.03 65.0759 50.6828 85.2227
0.05 65.0759 50.6828 85.2227
0.1 65.0759 50.6828 85.2227
0.2 65.0759 50.6828 85.2227
0.4 65.0759 50.6828 85.2227
0.6 65.0759 50.6828 85.2227
1.0 65.0759 50.6828 85.2227


# NLO_y_2.0
R central min max
0.03 19.1577 -6.03216 30.5339
0.05 27.738 6.52056 36.5768
0.1 39.3457 23.5095 44.7488
0.2 51.0122 40.5838 52.9873
0.4 63.1456 58.3417 63.7363
0.6 70.8328 66.9174 71.1907
1.0 81.9309 74.7254 86.0668


# NLO_mult_y_2.0
R central min max
0.03 2.89329 -6.4511 10.5111
0.05 13.6968 5.53402 20.3123
0.1 28.3121 21.4883 33.6779
0.2 43.0013 37.0279 47.3412
0.4 58.2783 52.4285 62.0046
0.6 67.9573 61.7505 71.6456
1.0 81.9309 74.7254 86.0668


# NLO_mult_narrowband_y_2.0
R central min max
0.03 2.89329 -6.75601 9.65346
0.05 13.6968 5.89913 18.7134
0.1 28.3121 23.0212 30.9699
0.2 43.0013 40.2289 43.5153
0.4 58.2783 55.2355 58.9658
0.6 67.9573 63.2147 69.6673
1.0 81.9309 74.7254 86.0668


# NLO+LLR_y_2.0
R central min max
0.03 26.625 22.2578 30.1678
0.05 32.0671 27.6089 35.4926
0.1 40.4138 35.8482 43.5858
0.2 50.0474 45.3224 52.8914
0.4 61.4559 56.2953 64.1179
0.6 69.4248 63.6839 72.33
1.0 81.9309 74.7254 86.0668


# NLO+LLR_narrowband_y_2.0
R central min max
0.03 26.625 23.327 28.123
0.05 32.0671 29.0593 33.0505
0.1 40.4138 38.0053 40.7695
0.2 50.0474 48.2552 50.5042
0.4 61.4559 58.013 62.0548
0.6 69.4248 64.6329 71.0426
1.0 81.9309 74.7254 86.0668


# NLO+LLR_mB_y_2.0
R central min max
0.03 26.244 21.6259 30.0721
0.05 31.615 26.8213 35.4199
0.1 39.8506 34.8192 43.5712
0.2 49.3685 44.0475 52.9809
0.4 60.7445 54.9648 64.3192
0.6 68.8402 62.6145 72.5141
1.0 81.9309 74.7254 86.0668


# NLO+LLR_mB_narrowband_y_2.0
R central min max
0.03 26.244 23.3135 27.612
0.05 31.615 29.0426 32.462
0.1 39.8506 37.9797 40.3029
0.2 49.3685 47.409 49.9414
0.4 60.7445 57.0759 61.5539
0.6 68.8402 63.872 70.8255
1.0 81.9309 74.7254 86.0668


# NLO+LLR_R015_y_2.0
R central min max
0.03 24.6887 19.8379 28.7996
0.05 30.1265 25.0756 34.2575
0.1 38.4776 33.1456 42.6036
0.2 48.1298 42.4492 52.2669
0.4 59.5456 53.2685 63.9246
0.6 67.4778 60.5714 72.345
1.0 79.8014 71.4561 86.2012


# NLO+LLR_R015_mB_y_2.0
R central min max
0.03 23.7279 18.5677 28.3736
0.05 28.9633 23.4697 33.828
0.1 37.0012 31.0255 42.1932
0.2 46.3099 39.7815 51.9059
0.4 57.4759 50.2358 63.6375
0.6 65.4602 57.6495 72.0998
1.0 78.4543 69.5649 86.0213


# pseudo_NNLO_y_2.0
R central min max
0.03 15.1548 14.7719 16.94
0.05 23.2704 22.9093 24.6595
0.1 35.8355 35.3419 36.3158
0.2 50.1791 48.5149 50.6384
0.4 66.353 62.5101 67.622
0.6 77.3464 71.8418 79.8176
1.0 94.2205 85.9343 98.9768


# NNLO_mult_y_2.0
R central min max
0.03 3.2897 2.70902 4.78754
0.05 11.8201 10.6359 13.7729
0.1 25.659 23.1346 28.0688
0.2 42.0499 38.0682 44.9274
0.4 60.9169 55.3982 64.3356
0.6 73.9509 67.3794 77.8146
1.0 94.2205 85.9343 98.9768


# NNLO_mult_narrowband_y_2.0
R central min max
0.03 3.2897 2.78312 4.54176
0.05 11.8201 11.4972 12.7024
0.1 25.659 25.1371 26.1985
0.2 42.0499 39.9919 42.7787
0.4 60.9169 56.8508 62.6258
0.6 73.9509 68.3201 76.7197
1.0 94.2205 85.9343 98.9768


# NNLO+LLR_multA_y_2.0
R central min max
0.03 22.8648 19.3611 25.8321
0.05 28.7303 25.0401 31.7123
0.1 38.3858 34.3809 41.3574
0.2 50.4309 45.9078 53.3939
0.4 65.4505 60.0264 68.6045
0.6 76.4205 70.0683 80.0046
1.0 94.2205 85.9343 98.9768


# NNLO+LLR_multA_narrowband_y_2.0
R central min max
0.03 22.8648 19.5001 24.6747
0.05 28.7303 25.5049 30.0983
0.1 38.3858 35.8338 38.8572
0.2 50.4309 48.7496 50.7711
0.4 65.4505 61.8626 66.1851
0.6 76.4205 71.1118 78.599
1.0 94.2205 85.9343 98.9768


# NNLO+LLR_multB_y_2.0
R central min max
0.03 19.1865 16.4156 21.5974
0.05 24.8369 21.7256 27.3991
0.1 34.458 30.7762 37.2291
0.2 46.873 42.3331 49.9369
0.4 62.726 57.0227 66.2171
0.6 74.5734 67.9426 78.4643
1.0 94.2205 85.9343 98.9768


# NNLO+LLR_multB_narrowband_y_2.0
R central min max
0.03 19.1865 17.8524 19.8376
0.05 24.8369 23.7676 25.2589
0.1 34.458 33.3408 34.9913
0.2 46.873 44.4439 47.5267
0.4 62.726 58.4971 64.3932
0.6 74.5734 68.8826 77.3334
1.0 94.2205 85.9343 98.9768


# NNLO+LLR_combined_y_2.0
R central min max
0.03 22.8648 19.186 25.8321
0.05 28.7303 24.8326 31.7123
0.1 38.3858 34.3576 41.3574
0.2 50.4309 45.9078 53.3939
0.4 65.4505 60.0264 68.6045
0.6 76.4205 70.0683 80.0046
1.0 94.2205 85.9343 98.9768


# NNLO+LLR_R015_y_2.0
R central min max
0.03 22.9921 17.1472 26.7387
0.05 28.992 22.553 32.8735
0.1 38.7697 31.8395 42.8612
0.2 50.8522 43.9269 55.1806
0.4 65.8227 59.0765 70.5598
0.6 76.693 69.1012 81.9284
1.0 94.2435 84.801 100.686


# NNLO+LLR_R015_multB_y_2.0
R central min max
0.03 17.1472 14.1762 19.9783
0.05 22.5531 19.1083 25.7854
0.1 31.8397 27.573 35.7564
0.2 43.9381 38.4855 48.7939
0.4 59.5035 52.4917 65.5967
0.6 71.2327 63.0249 78.2888
1.0 90.8676 80.6144 99.6108


# NNLO+LLR_mexpB_y_2.0
R central min max
0.03 21.4776 19.7031 22.3086
0.05 27.0383 25.6018 27.5174
0.1 36.3355 35.2634 36.8551
0.2 48.2153 45.7985 48.8636
0.4 63.4271 59.1848 65.0258
0.6 74.8771 69.1761 77.6106
1.0 94.2205 85.9343 98.9768


# LO_y_2.5
R central min max
0.03 35.77 27.483 47.5699
0.05 35.77 27.483 47.5699
0.1 35.77 27.483 47.5699
0.2 35.77 27.483 47.5699
0.4 35.77 27.483 47.5699
0.6 35.77 27.483 47.5699
1.0 35.77 27.483 47.5699


# NLO_y_2.5
R central min max
0.03 10.785 -3.76343 17.074
0.05 15.3199 2.99054 20.2184
0.1 21.448 12.117 24.4676
0.2 27.6508 21.3534 28.7801
0.4 34.0953 30.9512 34.4226
0.6 38.1652 36.0563 38.3766
1.0 44.1012 40.1735 46.0294


# NLO_mult_y_2.5
R central min max
0.03 3.01994 -1.92978 7.03816
0.05 8.61179 4.27242 12.1016
0.1 16.1682 12.509 18.9893
0.2 23.8167 20.5783 26.0579
0.4 31.7631 28.5648 33.6037
0.6 36.7814 33.387 38.5427
1.0 44.1012 40.1735 46.0294


# NLO_mult_narrowband_y_2.5
R central min max
0.03 3.01994 -2.00115 6.43209
0.05 8.61179 4.5129 11.1406
0.1 16.1682 13.3155 17.5035
0.2 23.8167 22.2238 24.1186
0.4 31.7631 30.0346 32.2135
0.6 36.7814 34.1603 37.5101
1.0 44.1012 40.1735 46.0294


# NLO+LLR_y_2.5
R central min max
0.03 14.6598 12.228 16.5964
0.05 17.646 15.1866 19.4861
0.1 22.1564 19.6637 23.8091
0.2 27.3121 24.7412 28.7306
0.4 33.3441 30.5356 34.5812
0.6 37.5179 34.3958 38.8255
1.0 44.1012 40.1735 46.0294


# NLO+LLR_narrowband_y_2.5
R central min max
0.03 14.6598 12.6797 15.5461
0.05 17.646 15.8192 18.2407
0.1 22.1564 20.6333 22.3813
0.2 27.3121 26.2487 27.6055
0.4 33.3441 31.4409 33.7381
0.6 37.5179 34.8942 38.1592
1.0 44.1012 40.1735 46.0294


# NLO+LLR_mB_y_2.5
R central min max
0.03 14.4674 11.8848 16.5594
0.05 17.4168 14.7571 19.4624
0.1 21.8695 19.0986 23.8204
0.2 26.9717 24.0514 28.8075
0.4 32.9913 29.8251 34.7353
0.6 37.2255 33.8209 38.9727
1.0 44.1012 40.1735 46.0294


# NLO+LLR_mB_narrowband_y_2.5
R central min max
0.03 14.4674 12.7171 15.2756
0.05 17.4168 15.8652 17.9267
0.1 21.8695 20.6932 22.1629
0.2 26.9717 25.8505 27.3466
0.4 32.9913 30.9459 33.4696
0.6 37.2255 34.4891 38.0819
1.0 44.1012 40.1735 46.0294


# NLO+LLR_R015_y_2.5
R central min max
0.03 13.558 10.839 15.8106
0.05 16.5676 13.7615 18.7916
0.1 21.1183 18.1861 23.2784
0.2 26.3189 23.2083 28.4211
0.4 32.3875 28.9537 34.5446
0.6 36.5609 32.7859 38.9433
1.0 43.0666 38.4969 46.2658


# NLO+LLR_R015_mB_y_2.5
R central min max
0.03 13.0772 10.1735 15.6335
0.05 15.9836 12.9149 18.6264
0.1 20.375 17.0629 23.1501
0.2 25.4123 21.8094 28.3602
0.4 31.3675 27.3828 34.5694
0.6 35.5699 31.2787 38.9933
1.0 42.4292 37.5559 46.2979


# pseudo_NNLO_y_2.5
R central min max
0.03 8.61632 8.22678 9.73678
0.05 13.5688 13.2733 14.2932
0.1 19.51 18.7321 19.938
0.2 27.3041 26.4582 27.5732
0.4 35.913 33.8425 36.3335
0.6 41.6565 38.7079 42.6373
1.0 50.7164 46.1996 52.9338


# NNLO_mult_y_2.5
R central min max
0.03 2.03409 1.53133 3.06681
0.05 7.55701 6.74563 8.67371
0.1 13.9541 12.4079 15.3902
0.2 22.9552 20.7055 24.4449
0.4 33.0319 29.9927 34.6912
0.6 39.8311 36.2417 41.662
1.0 50.7164 46.1996 52.9338


# NNLO_mult_narrowband_y_2.5
R central min max
0.03 2.03409 1.56274 2.85534
0.05 7.55701 7.18891 8.13244
0.1 13.9541 13.6043 14.2831
0.2 22.9552 21.8772 23.3715
0.4 33.0319 30.8115 33.7105
0.6 39.8311 36.7992 41.0075
1.0 50.7164 46.1996 52.9338


# NNLO+LLR_multA_y_2.5
R central min max
0.03 12.5302 10.5891 14.1584
0.05 15.9849 13.9209 17.6205
0.1 20.867 18.7649 22.3643
0.2 27.4194 25.0239 28.8305
0.4 35.4394 32.5285 36.8622
0.6 41.1841 37.7841 42.7622
1.0 50.7164 46.1996 52.9338


# NNLO+LLR_multA_narrowband_y_2.5
R central min max
0.03 12.5302 10.4954 13.6226
0.05 15.9849 14.127 16.7817
0.1 20.867 19.0588 21.2667
0.2 27.4194 26.2336 27.6205
0.4 35.4394 33.4971 35.8133
0.6 41.1841 38.332 42.0298
1.0 50.7164 46.1996 52.9338


# NNLO+LLR_multB_y_2.5
R central min max
0.03 10.5984 8.99315 11.9455
0.05 14.0379 12.2597 15.433
0.1 18.7548 16.6748 20.2523
0.2 25.5329 23.0115 27.0805
0.4 33.9972 30.8641 35.683
0.6 40.1759 36.5549 42.0176
1.0 50.7164 46.1996 52.9338


# NNLO+LLR_multB_narrowband_y_2.5
R central min max
0.03 10.5984 9.70593 11.035
0.05 14.0379 13.3311 14.4194
0.1 18.7548 18.2022 19.0898
0.2 25.5329 24.2182 25.9567
0.4 33.9972 31.679 34.6734
0.6 40.1759 37.1027 41.3589
1.0 50.7164 46.1996 52.9338


# NNLO+LLR_combined_y_2.5
R central min max
0.03 12.5302 10.5702 14.1584
0.05 15.9849 13.9097 17.6205
0.1 20.867 18.7374 22.3643
0.2 27.4194 25.0239 28.8305
0.4 35.4394 32.5285 36.8622
0.6 41.1841 37.7841 42.7622
1.0 50.7164 46.1996 52.9338


# NNLO+LLR_R015_y_2.5
R central min max
0.03 12.5357 9.49738 14.5609
0.05 16.0457 12.8374 18.157
0.1 21.0604 17.3896 23.1124
0.2 27.6405 24.0291 29.7584
0.4 35.645 32.0502 37.9117
0.6 41.3475 37.2786 43.8112
1.0 50.7418 45.6083 53.8403


# NNLO+LLR_R015_multB_y_2.5
R central min max
0.03 9.49794 7.75103 11.0968
0.05 12.8379 10.8281 14.6427
0.1 17.39 14.9609 19.5277
0.2 24.0397 20.9853 26.6066
0.4 32.3898 28.5058 35.5586
0.6 38.5225 34.0029 42.1645
1.0 49.0942 43.4682 53.5665


# NNLO+LLR_mexpB_y_2.5
R central min max
0.03 11.8527 10.7335 12.3827
0.05 15.1432 14.2402 15.4839
0.1 19.8277 19.186 20.1572
0.2 26.2798 24.958 26.7015
0.4 34.3861 32.0554 35.0366
0.6 40.3542 37.2698 41.528
1.0 50.7164 46.1996 52.9338


