# integrated_xsct_v_R_simple_K105.sh
# LO_y_0.0
R central min max
0.03 154.556 122.121 199.006
0.05 154.556 122.121 199.006
0.1 154.556 122.121 199.006
0.2 154.556 122.121 199.006
0.4 154.556 122.121 199.006
0.6 154.556 122.121 199.006
1.0 154.556 122.121 199.006


# NLO_y_0.0
R central min max
0.03 32.1574 -28.8203 62.1096
0.05 54.9321 3.79621 78.4418
0.1 85.6908 47.8477 100.499
0.2 116.682 92.2357 122.739
0.4 148.539 137.864 149.996
0.6 168.407 159.805 169.363
1.0 196.676 180.053 207.266


# NLO_mult_y_0.0
R central min max
0.03 -12.6541 -32.797 11.8951
0.05 16.3233 -4.95174 33.6029
0.1 55.4604 38.173 69.3052
0.2 94.8928 80.4463 105.904
0.4 135.427 121.879 144.795
0.6 160.707 146.47 170.026
1.0 196.676 180.053 207.266


# NLO_mult_narrowband_y_0.0
R central min max
0.03 -12.6541 -39.2834 6.82117
0.05 16.3233 -5.15624 31.0686
0.1 55.4604 40.9369 63.8167
0.2 94.8928 87.3715 96.9157
0.4 135.427 129.21 136.833
0.6 160.707 150.204 164.895
1.0 196.676 180.053 207.266


# NLO+LLR_y_0.0
R central min max
0.03 55.4418 45.596 63.8319
0.05 68.5303 58.2434 76.8916
0.1 89.2899 78.5914 97.3021
0.2 114.035 102.953 121.448
0.4 143.722 131.745 150.792
0.6 164.421 151.176 172.071
1.0 196.676 180.053 207.266


# NLO+LLR_narrowband_y_0.0
R central min max
0.03 55.4418 48.2034 59.3724
0.05 68.5303 61.7915 71.4205
0.1 89.2899 83.8674 90.3326
0.2 114.035 110.402 115.062
0.4 143.722 136.288 144.941
0.6 164.421 153.672 168.608
1.0 196.676 180.053 207.266


# NLO+LLR_mB_y_0.0
R central min max
0.03 54.6907 44.4265 63.5952
0.05 67.6184 56.7503 76.6816
0.1 88.1129 76.553 97.1852
0.2 112.586 100.347 121.529
0.4 142.152 128.909 151.109
0.6 163.094 148.831 172.38
1.0 196.676 180.053 207.266


# NLO+LLR_mB_narrowband_y_0.0
R central min max
0.03 54.6907 47.9933 58.3706
0.05 67.6184 61.5358 70.2399
0.1 88.1129 83.5442 89.1132
0.2 112.586 108.94 113.781
0.4 142.152 134.286 143.967
0.6 163.094 152.002 168.044
1.0 196.676 180.053 207.266


# NLO+LLR_R015_y_0.0
R central min max
0.03 50.7618 40.0641 60.2994
0.05 63.5807 52.1191 73.4792
0.1 84.0565 71.6678 94.2966
0.2 108.626 95.2906 119.195
0.4 138.219 123.499 149.584
0.6 158.82 142.675 171.382
1.0 190.656 171.191 206.766


# NLO+LLR_R015_mB_y_0.0
R central min max
0.03 48.8056 37.6271 59.2319
0.05 61.1534 48.955 72.3161
0.1 80.8628 67.307 93.0349
0.2 104.577 89.5997 117.898
0.4 133.446 116.744 148.301
0.6 154.033 135.969 170.165
1.0 187.293 166.622 205.879


# pseudo_NNLO_y_0.0
R central min max
0.03 -1.35019 -1.8591 5.80949
0.05 22.6677 22.4622 27.9459
0.1 57.1591 56.2395 59.6583
0.2 93.8022 92.1807 94.237
0.4 135.365 128.691 137.91
0.6 163.109 152.553 168.345
1.0 206.51 189.056 217.629


# NNLO_mult_y_0.0
R central min max
0.03 -11.3158 -10.0446 -16.3061
0.05 12.482 11.2756 15.5854
0.1 47.3672 43.1453 51.7842
0.2 85.0444 77.3993 91.0215
0.4 128.979 117.749 136.616
0.6 158.814 145.227 167.657
1.0 206.51 189.056 217.629


# NNLO_mult_narrowband_y_0.0
R central min max
0.03 -11.3158 -12.3337 -5.77234
0.05 12.482 12.0606 16.1126
0.1 47.3672 46.5045 49.0678
0.2 85.0444 81.1868 87.2108
0.4 128.979 120.934 133.244
0.6 158.814 147.416 165.259
1.0 206.51 189.056 217.629


# NNLO+LLR_multA_y_0.0
R central min max
0.03 39.777 33.1902 45.7571
0.05 53.095 45.6751 59.6108
0.1 75.3166 66.8553 82.2168
0.2 102.772 93.2724 109.903
0.4 137.87 126.669 145.46
0.6 163.49 150.466 171.833
1.0 206.51 189.056 217.629


# NNLO+LLR_multA_narrowband_y_0.0
R central min max
0.03 39.777 33.3528 43.9527
0.05 53.095 47.2472 56.3189
0.1 75.3166 70.2732 76.651
0.2 102.772 99.647 103.239
0.4 137.87 131.062 139.663
0.6 163.49 152.953 168.413
1.0 206.51 189.056 217.629


# NNLO+LLR_multB_y_0.0
R central min max
0.03 33.6127 29.0207 38.1723
0.05 46.7947 41.404 51.8709
0.1 69.1698 61.955 74.9672
0.2 97.1314 88.0235 103.786
0.4 133.554 121.851 141.424
0.6 160.47 146.73 169.393
1.0 206.51 189.056 217.629


# NNLO+LLR_multB_narrowband_y_0.0
R central min max
0.03 33.6127 31.5841 34.9599
0.05 46.7947 45.3312 47.4994
0.1 69.1698 67.2426 69.7695
0.2 97.1314 92.5298 98.2985
0.4 133.554 125.136 137.575
0.6 160.47 148.909 166.88
1.0 206.51 189.056 217.629


# NNLO+LLR_combined_y_0.0
R central min max
0.03 39.777 33.1902 45.7571
0.05 53.095 45.6751 59.6108
0.1 75.3166 66.8553 82.2168
0.2 102.772 93.2724 109.903
0.4 137.87 126.669 145.46
0.6 163.49 150.466 171.833
1.0 206.51 189.056 217.629


# NNLO+LLR_R015_y_0.0
R central min max
0.03 40.7399 29.8828 48.4719
0.05 54.0883 42.4489 62.6699
0.1 76.3058 63.9744 85.7418
0.2 103.728 90.9183 113.93
0.4 138.589 124.527 149.709
0.6 163.922 148.112 175.948
1.0 206.137 186.222 220.931


# NNLO+LLR_R015_multB_y_0.0
R central min max
0.03 29.8829 25.0738 35.0138
0.05 42.4495 36.4914 48.6548
0.1 63.9912 55.5969 72.0129
0.2 91.0909 80.0362 101.397
0.4 126.736 112.152 140.08
0.6 153.3 136.052 168.948
1.0 199.381 177.489 219.116


# NNLO+LLR_mexpB_y_0.0
R central min max
0.03 38.9089 35.6328 40.842
0.05 51.529 48.9722 52.6406
0.1 72.9632 70.9419 73.656
0.2 99.9145 95.4238 100.831
0.4 135.05 126.627 138.854
0.6 161.174 149.591 167.507
1.0 206.51 189.056 217.629


# LO_y_0.5
R central min max
0.03 143.009 112.854 184.432
0.05 143.009 112.854 184.432
0.1 143.009 112.854 184.432
0.2 143.009 112.854 184.432
0.4 143.009 112.854 184.432
0.6 143.009 112.854 184.432
1.0 143.009 112.854 184.432


# NLO_y_0.5
R central min max
0.03 30.5747 -25.9823 58.1604
0.05 51.4447 3.97569 73.0985
0.1 79.7142 44.5486 93.3358
0.2 108.188 85.4182 113.739
0.4 137.525 127.524 138.885
0.6 155.837 147.819 156.71
1.0 181.85 166.419 191.6


# NLO_mult_y_0.5
R central min max
0.03 -10.4856 -29.0491 11.9935
0.05 16.0485 -3.51011 31.9312
0.1 51.9912 36.0687 64.7286
0.2 88.1943 74.8432 98.3383
0.4 125.494 112.927 134.128
0.6 148.776 135.555 157.363
1.0 181.85 166.419 191.6


# NLO_mult_narrowband_y_0.5
R central min max
0.03 -10.4856 -34.8716 7.3155
0.05 16.0485 -3.63064 29.5221
0.1 51.9912 38.6878 59.6026
0.2 88.1943 81.3043 90.0176
0.4 125.494 119.68 126.79
0.6 148.776 138.996 152.648
1.0 181.85 166.419 191.6


# NLO+LLR_y_0.5
R central min max
0.03 51.9442 42.8146 59.6878
0.05 63.9994 54.4822 71.6963
0.1 83.1075 73.2174 90.467
0.2 105.844 95.5938 112.641
0.4 133.146 122.043 139.633
0.6 152.197 139.9 159.231
1.0 181.85 166.419 191.6


# NLO+LLR_narrowband_y_0.5
R central min max
0.03 51.9442 45.2222 55.5355
0.05 63.9994 57.7357 66.6231
0.1 83.1075 78.0423 84.046
0.2 105.844 102.367 106.778
0.4 133.146 126.216 134.277
0.6 152.197 142.196 156.057
1.0 181.85 166.419 191.6


# NLO+LLR_mB_y_0.5
R central min max
0.03 51.2289 41.6946 59.4662
0.05 63.1292 53.0506 71.4993
0.1 81.9913 71.2765 90.3609
0.2 104.476 93.1253 112.723
0.4 131.679 119.385 139.937
0.6 150.968 137.721 159.525
1.0 181.85 166.419 191.6


# NLO+LLR_mB_narrowband_y_0.5
R central min max
0.03 51.2289 45.0452 54.5815
0.05 63.1292 57.5301 65.4969
0.1 81.9913 77.7917 82.9006
0.2 104.476 101.037 105.574
0.4 131.679 124.343 133.369
0.6 150.968 140.644 155.538
1.0 181.85 166.419 191.6


# NLO+LLR_R015_y_0.5
R central min max
0.03 47.6583 37.714 56.4814
0.05 59.4855 48.8609 68.616
0.1 78.3488 66.883 87.7733
0.2 100.932 88.5936 110.644
0.4 128.143 114.505 138.589
0.6 147.094 132.121 158.655
1.0 176.352 158.297 191.201


# NLO+LLR_R015_mB_y_0.5
R central min max
0.03 45.8102 35.3997 55.4891
0.05 57.194 45.8606 67.5372
0.1 75.35 62.7736 86.6138
0.2 97.1469 83.2574 109.464
0.4 123.712 108.221 137.442
0.6 142.674 125.915 157.579
1.0 173.258 154.084 190.417


# pseudo_NNLO_y_0.5
R central min max
0.03 3.11585 2.5191 8.6247
0.05 23.2325 22.8712 27.7177
0.1 53.9801 52.9429 56.2471
0.2 87.4606 85.6156 87.9017
0.4 125.36 118.929 127.582
0.6 151.237 141.086 156.153
1.0 190.942 174.74 201.18


# NNLO_mult_y_0.5
R central min max
0.03 -4.99058 -4.47244 -7.55935
0.05 14.3053 12.9925 17.1156
0.1 45.1103 40.9995 49.3459
0.2 79.4877 72.2892 85.1139
0.4 119.454 108.978 126.532
0.6 147.363 134.72 155.528
1.0 190.942 174.74 201.18


# NNLO_mult_narrowband_y_0.5
R central min max
0.03 -4.99058 -5.40189 -1.95898
0.05 14.3053 13.8061 16.5421
0.1 45.1103 43.8501 46.4404
0.2 79.4877 75.6639 81.38
0.4 119.454 111.624 123.268
0.6 147.363 136.302 153.369
1.0 190.942 174.74 201.18


# NNLO+LLR_multA_y_0.5
R central min max
0.03 38.2735 31.9505 43.8722
0.05 50.1058 43.1307 56.057
0.1 70.3239 62.4343 76.654
0.2 95.5532 86.6888 102.082
0.4 127.671 117.145 134.561
0.6 151.552 139.183 159.301
1.0 190.942 174.74 201.18


# NNLO+LLR_multA_narrowband_y_0.5
R central min max
0.03 38.2735 32.2745 41.8844
0.05 50.1058 44.2636 53.0014
0.1 70.3239 65.5698 71.5493
0.2 95.5532 92.508 95.9361
0.4 127.671 121.161 129.237
0.6 151.552 141.463 156.164
1.0 190.942 174.74 201.18


# NNLO+LLR_multB_y_0.5
R central min max
0.03 32.8499 28.168 37.1444
0.05 44.413 38.9559 49.1913
0.1 64.6937 57.8813 70.1349
0.2 90.3872 81.863 96.5985
0.4 123.666 112.763 130.947
0.6 148.836 136.054 157.073
1.0 190.942 174.74 201.18


# NNLO+LLR_multB_narrowband_y_0.5
R central min max
0.03 32.8499 30.6675 34.0442
0.05 44.413 42.5151 45.097
0.1 64.6937 62.7559 65.2583
0.2 90.3872 85.9618 91.4061
0.4 123.666 115.562 127.296
0.6 148.836 137.686 154.797
1.0 190.942 174.74 201.18


# NNLO+LLR_combined_y_0.5
R central min max
0.03 38.2735 31.9505 43.8722
0.05 50.1058 43.1307 56.057
0.1 70.3239 62.4343 76.654
0.2 95.5532 86.6888 102.082
0.4 127.671 117.145 134.561
0.6 151.552 139.183 159.301
1.0 190.942 174.74 201.18


# NNLO+LLR_R015_y_0.5
R central min max
0.03 39.0278 29.3932 46.1797
0.05 50.9771 40.3919 58.7841
0.1 71.2393 59.8836 79.8865
0.2 96.4431 84.6001 105.784
0.4 128.362 115.231 138.495
0.6 151.942 137.053 163.057
1.0 190.612 172.144 204.217


# NNLO+LLR_R015_multB_y_0.5
R central min max
0.03 29.3939 24.482 34.2912
0.05 40.3934 34.3888 46.2807
0.1 59.9092 51.9814 67.4476
0.2 84.823 74.4764 94.4452
0.4 117.382 103.799 129.741
0.6 142.27 126.237 156.755
1.0 184.409 164.099 202.63


# NNLO+LLR_mexpB_y_0.5
R central min max
0.03 37.3366 34.1076 39.056
0.05 48.6293 45.9009 49.6423
0.1 68.1628 66.0635 68.8075
0.2 92.9384 88.6331 93.8158
0.4 125.068 116.994 128.51
0.6 149.462 138.328 155.35
1.0 190.942 174.74 201.18


# LO_y_1.0
R central min max
0.03 121.948 96.0003 157.74
0.05 121.948 96.0003 157.74
0.1 121.948 96.0003 157.74
0.2 121.948 96.0003 157.74
0.4 121.948 96.0003 157.74
0.6 121.948 96.0003 157.74
1.0 121.948 96.0003 157.74


# NLO_y_1.0
R central min max
0.03 28.3857 -19.6005 51.4116
0.05 45.8711 5.59588 63.8879
0.1 69.484 39.6275 80.7337
0.2 93.2355 73.8617 97.7039
0.4 117.727 109.161 118.887
0.6 133.041 126.069 133.771
1.0 154.93 141.669 163.195


# NLO_mult_y_1.0
R central min max
0.03 -5.82002 -21.6458 12.6341
0.05 16.3914 0.0328965 29.6693
0.1 46.387 32.9994 57.0644
0.2 76.5587 65.222 85.1061
0.4 107.67 96.8895 114.989
0.6 127.124 115.753 134.413
1.0 154.93 141.669 163.195


# NLO_mult_narrowband_y_1.0
R central min max
0.03 -5.82002 -26.0278 8.82664
0.05 16.3914 0.114583 27.4193
0.1 46.387 35.4166 52.5279
0.2 76.5587 70.9063 77.9286
0.4 107.67 102.54 108.784
0.6 127.124 118.652 130.458
1.0 154.93 141.669 163.195


# NLO+LLR_y_1.0
R central min max
0.03 45.6964 37.8218 52.3109
0.05 55.9618 47.7818 62.5099
0.1 72.1093 63.6251 78.3461
0.2 91.207 82.4067 96.9556
0.4 114.07 104.52 119.556
0.6 130.013 119.438 135.96
1.0 154.93 141.669 163.195


# NLO+LLR_narrowband_y_1.0
R central min max
0.03 45.6964 39.9065 48.6576
0.05 55.9618 50.601 58.0677
0.1 72.1093 67.796 72.8165
0.2 91.207 88.189 91.9885
0.4 114.07 108.017 115.05
0.6 130.013 121.365 133.313
1.0 154.93 141.669 163.195


# NLO+LLR_mB_y_1.0
R central min max
0.03 45.0789 36.8436 52.1292
0.05 55.2186 46.546 62.3544
0.1 71.1596 61.9605 78.2715
0.2 90.0402 80.2903 97.0406
0.4 112.814 102.238 119.826
0.6 128.954 117.557 136.219
1.0 154.93 141.669 163.195


# NLO+LLR_mB_narrowband_y_1.0
R central min max
0.03 45.0789 39.8094 47.8369
0.05 55.2186 50.4879 57.1111
0.1 71.1596 67.6265 71.9168
0.2 90.0402 86.9348 90.9737
0.4 112.814 106.407 114.32
0.6 128.954 120.025 132.87
1.0 154.93 141.669 163.195


# NLO+LLR_R015_y_1.0
R central min max
0.03 42.0789 33.4626 49.65
0.05 52.182 43.0233 59.981
0.1 68.1569 58.3124 76.1692
0.2 87.1482 76.5688 95.3768
0.4 109.943 98.2494 118.77
0.6 125.8 112.965 135.561
1.0 150.369 134.89 162.951


# NLO+LLR_R015_mB_y_1.0
R central min max
0.03 40.4697 31.4242 48.8196
0.05 50.2046 40.4068 59.0926
0.1 65.5848 54.7591 75.2293
0.2 83.9089 71.9764 94.4317
0.4 106.156 92.8572 117.865
0.6 122.023 107.642 134.716
1.0 147.744 131.304 162.334


# pseudo_NNLO_y_1.0
R central min max
0.03 4.83737 4.69178 9.62295
0.05 23.4137 23.2556 26.7701
0.1 48.6858 48.297 50.3117
0.2 75.904 74.3546 76.3434
0.4 107.652 102.201 109.606
0.6 129.343 120.772 133.524
1.0 162.677 148.752 171.354


# NNLO_mult_y_1.0
R central min max
0.03 -2.22316 -2.10756 -2.14622
0.05 16.2473 14.836 18.5646
0.1 41.4407 37.7784 45.0153
0.2 69.1826 62.9029 73.9977
0.4 102.698 93.6335 108.726
0.6 126.108 115.191 133.058
1.0 162.677 148.752 171.354


# NNLO_mult_narrowband_y_1.0
R central min max
0.03 -2.22316 -2.37614 0.557297
0.05 16.2473 16.0438 18.1056
0.1 41.4407 40.3781 42.8164
0.2 69.1826 65.8992 70.7626
0.4 102.698 96.169 105.985
0.6 126.108 116.896 131.189
1.0 162.677 148.752 171.354


# NNLO+LLR_multA_y_1.0
R central min max
0.03 33.8304 28.3852 38.6323
0.05 44.5743 38.4654 49.7597
0.1 61.6427 54.8109 67.1144
0.2 82.526 74.9473 88.0278
0.4 109.527 100.592 115.369
0.6 129.583 119.118 136.129
1.0 162.677 148.752 171.354


# NNLO+LLR_multA_narrowband_y_1.0
R central min max
0.03 33.8304 28.5048 36.9486
0.05 44.5743 39.7583 46.8576
0.1 61.6427 57.8201 62.5046
0.2 82.526 79.9104 82.912
0.4 109.527 103.977 110.922
0.6 129.583 121.042 133.509
1.0 162.677 148.752 171.354


# NNLO+LLR_multB_y_1.0
R central min max
0.03 29.1296 24.9625 32.8849
0.05 39.8663 35.0373 43.9836
0.1 56.9803 51.0404 61.6292
0.2 78.1499 70.7546 83.4492
0.4 106.154 96.7326 112.35
0.6 127.309 116.279 134.319
1.0 162.677 148.752 171.354


# NNLO+LLR_multB_narrowband_y_1.0
R central min max
0.03 29.1296 27.1753 30.1494
0.05 39.8663 38.3245 40.3916
0.1 56.9803 55.2482 57.5786
0.2 78.1499 74.3149 79.0394
0.4 106.154 99.3339 109.286
0.6 127.309 117.982 132.358
1.0 162.677 148.752 171.354


# NNLO+LLR_combined_y_1.0
R central min max
0.03 33.8304 28.3852 38.6323
0.05 44.5743 38.4654 49.7597
0.1 61.6427 54.8109 67.1144
0.2 82.526 74.9473 88.0278
0.4 109.527 100.592 115.369
0.6 129.583 119.118 136.129
1.0 162.677 148.752 171.354


# NNLO+LLR_R015_y_1.0
R central min max
0.03 34.4798 26.1458 40.5746
0.05 45.2406 36.4626 52.0186
0.1 62.3752 52.9386 69.8116
0.2 83.2946 73.3179 91.156
0.4 110.124 98.99 118.672
0.6 129.925 117.326 139.277
1.0 162.419 146.589 173.906


# NNLO+LLR_R015_multB_y_1.0
R central min max
0.03 26.1463 21.747 30.4716
0.05 36.4703 31.1233 41.6431
0.1 52.989 46.0628 59.5322
0.2 73.5221 64.5581 81.7907
0.4 100.974 89.253 111.553
0.6 121.924 108.107 134.304
1.0 157.346 139.921 172.844


# NNLO+LLR_mexpB_y_1.0
R central min max
0.03 32.9953 30.191 34.4253
0.05 43.2266 40.9795 43.9877
0.1 59.7651 58.1013 60.3974
0.2 80.2918 76.535 81.1002
0.4 107.326 100.497 110.303
0.6 127.831 118.487 132.822
1.0 162.677 148.752 171.354


# LO_y_1.5
R central min max
0.03 94.8018 74.3438 123.184
0.05 94.8018 74.3438 123.184
0.1 94.8018 74.3438 123.184
0.2 94.8018 74.3438 123.184
0.4 94.8018 74.3438 123.184
0.6 94.8018 74.3438 123.184
1.0 94.8018 74.3438 123.184


# NLO_y_1.5
R central min max
0.03 24.8753 -12.0151 42.1354
0.05 37.8389 6.78113 51.3369
0.1 55.5486 32.4659 63.9045
0.2 73.4637 58.4437 76.6514
0.4 91.8993 85.1778 92.7905
0.6 103.492 97.9301 104.031
1.0 120.105 109.712 126.409


# NLO_mult_y_1.5
R central min max
0.03 -0.534024 -12.6756 13.0561
0.05 15.8886 3.54548 25.8976
0.1 38.3237 28.1298 46.4099
0.2 61.0188 52.2669 67.5259
0.4 84.3734 75.9341 89.976
0.6 99.0591 90.1305 104.639
1.0 120.105 109.712 126.409


# NLO_mult_narrowband_y_1.5
R central min max
0.03 -0.534024 -15.4834 10.1609
0.05 15.8886 3.82261 23.916
0.1 38.3237 30.19 42.7064
0.2 61.0188 56.8123 61.8996
0.4 84.3734 80.1907 85.2695
0.6 99.0591 92.3282 101.655
1.0 120.105 109.712 126.409


# NLO+LLR_y_1.5
R central min max
0.03 37.1681 30.9387 42.3195
0.05 45.0563 38.6488 50.0967
0.1 57.4043 50.7954 62.1538
0.2 71.9322 65.066 76.2851
0.4 89.1975 81.7212 93.3398
0.6 101.252 92.957 105.763
1.0 120.105 109.712 126.409


# NLO+LLR_narrowband_y_1.5
R central min max
0.03 37.1681 32.5692 39.3775
0.05 45.0563 40.8198 46.5747
0.1 57.4043 54.0065 57.886
0.2 71.9322 69.4953 72.5404
0.4 89.1975 84.3487 89.9758
0.6 101.252 94.4084 103.785
1.0 120.105 109.712 126.409


# NLO+LLR_mB_y_1.5
R central min max
0.03 36.664 30.1239 42.1853
0.05 44.4382 37.6023 49.982
0.1 56.6217 49.4032 62.108
0.2 70.9935 63.344 76.3743
0.4 88.1981 79.8905 93.5759
0.6 100.421 91.4676 105.982
1.0 120.105 109.712 126.409


# NLO+LLR_mB_narrowband_y_1.5
R central min max
0.03 36.664 32.5142 38.7072
0.05 44.4382 40.7498 45.7811
0.1 56.6217 53.8926 57.2132
0.2 70.9935 68.3849 71.7385
0.4 88.1981 83.0566 89.4073
0.6 100.421 93.3459 103.447
1.0 120.105 109.712 126.409


# NLO+LLR_R015_y_1.5
R central min max
0.03 34.3781 27.5131 40.316
0.05 42.1983 34.9832 48.2397
0.1 54.4692 46.7771 60.6074
0.2 68.9475 60.6971 75.2134
0.4 86.1775 77.056 92.8752
0.6 98.1649 88.1416 105.582
1.0 116.742 104.655 126.361


# NLO+LLR_R015_mB_y_1.5
R central min max
0.03 33.0621 25.816 39.6856
0.05 40.5724 32.7966 47.5675
0.1 52.3769 43.846 59.9152
0.2 66.3601 56.9864 74.5501
0.4 83.1871 72.7575 92.2651
0.6 95.21 83.9411 105.028
1.0 114.709 101.853 125.952


# pseudo_NNLO_y_1.5
R central min max
0.03 6.00169 5.73576 9.75218
0.05 19.0717 18.5174 21.9477
0.1 38.3909 37.3035 39.8903
0.2 59.8715 58.6472 60.2808
0.4 84.2987 79.9192 85.7618
0.6 100.482 93.7756 103.554
1.0 126.11 115.198 132.729


# NNLO_mult_y_1.5
R central min max
0.03 0.144065 0.154339 -0.791379
0.05 12.9283 11.7581 15.0962
0.1 32.3409 29.2346 35.4528
0.2 54.5561 49.4811 58.4158
0.4 80.5049 73.3408 85.156
0.6 97.9172 89.345 103.238
1.0 126.11 115.198 132.729


# NNLO_mult_narrowband_y_1.5
R central min max
0.03 0.144065 -0.0275131 1.79119
0.05 12.9283 12.6413 13.9322
0.1 32.3409 31.8881 32.7745
0.2 54.5561 52.1327 55.5468
0.4 80.5049 75.2813 83.0022
0.6 97.9172 90.6892 101.728
1.0 126.11 115.198 132.729


# NNLO+LLR_multA_y_1.5
R central min max
0.03 27.5009 23.2441 31.2049
0.05 35.4139 30.7879 39.2554
0.1 48.5044 43.3978 52.4573
0.2 64.8827 59.1103 68.9072
0.4 85.6714 78.6771 90.0613
0.6 100.69 92.5462 105.55
1.0 126.11 115.198 132.729


# NNLO+LLR_multA_narrowband_y_1.5
R central min max
0.03 27.5009 23.1262 29.9677
0.05 35.4139 31.2764 37.2644
0.1 48.5044 45.0653 49.2698
0.2 64.8827 62.7503 65.2361
0.4 85.6714 81.2203 86.7261
0.6 100.69 93.9932 103.595
1.0 126.11 115.198 132.729


# NNLO+LLR_multB_y_1.5
R central min max
0.03 23.7106 20.3038 26.7559
0.05 31.5051 27.6138 34.7578
0.1 44.6423 39.8807 48.3451
0.2 61.397 55.5117 65.5508
0.4 83.0659 75.6341 87.8364
0.6 98.8586 90.199 104.222
1.0 126.11 115.198 132.729


# NNLO+LLR_multB_narrowband_y_1.5
R central min max
0.03 23.7106 22.1051 24.5471
0.05 31.5051 30.1921 31.9382
0.1 44.6423 43.3727 45.0855
0.2 61.397 58.4331 62.1184
0.4 83.0659 77.6205 85.4653
0.6 98.8586 91.5306 102.667
1.0 126.11 115.198 132.729


# NNLO+LLR_combined_y_1.5
R central min max
0.03 27.5009 23.2441 31.2049
0.05 35.4139 30.7879 39.2554
0.1 48.5044 43.3978 52.4573
0.2 64.8827 59.1103 68.9072
0.4 85.6714 78.6771 90.0613
0.6 100.69 92.5462 105.55
1.0 126.11 115.198 132.729


# NNLO+LLR_R015_y_1.5
R central min max
0.03 28.0033 21.2568 32.6952
0.05 36.0106 28.7395 41.0373
0.1 49.1714 41.4449 54.5948
0.2 65.5313 57.6725 71.3373
0.4 86.158 77.5095 92.5797
0.6 101.007 91.2525 107.978
1.0 125.943 113.592 134.662


# NNLO+LLR_R015_multB_y_1.5
R central min max
0.03 21.2568 17.6411 24.7854
0.05 28.7402 24.4422 32.8358
0.1 41.4503 35.9099 46.6344
0.2 57.7921 50.6865 64.2894
0.4 79.1185 69.9029 87.3391
0.6 94.7632 83.9421 104.32
1.0 122.131 108.506 134.071


# NNLO+LLR_mexpB_y_1.5
R central min max
0.03 26.8479 24.6143 27.9547
0.05 34.41 32.5691 34.985
0.1 47.0629 45.6794 47.5393
0.2 63.1491 60.2018 63.8647
0.4 83.983 78.5265 86.2724
0.6 99.295 91.9483 103.066
1.0 126.11 115.198 132.729


# LO_y_2.0
R central min max
0.03 65.0759 50.6828 85.2227
0.05 65.0759 50.6828 85.2227
0.1 65.0759 50.6828 85.2227
0.2 65.0759 50.6828 85.2227
0.4 65.0759 50.6828 85.2227
0.6 65.0759 50.6828 85.2227
1.0 65.0759 50.6828 85.2227


# NLO_y_2.0
R central min max
0.03 19.1577 -6.03216 30.5339
0.05 27.738 6.52056 36.5768
0.1 39.3457 23.5095 44.7488
0.2 51.0122 40.5838 52.9873
0.4 63.1456 58.3417 63.7363
0.6 70.8328 66.9174 71.1907
1.0 81.9309 74.7254 86.0668


# NLO_mult_y_2.0
R central min max
0.03 2.89329 -6.4511 10.5111
0.05 13.6968 5.53402 20.3123
0.1 28.3121 21.4883 33.6779
0.2 43.0013 37.0279 47.3412
0.4 58.2783 52.4285 62.0046
0.6 67.9573 61.7505 71.6456
1.0 81.9309 74.7254 86.0668


# NLO_mult_narrowband_y_2.0
R central min max
0.03 2.89329 -6.75601 9.65346
0.05 13.6968 5.89913 18.7134
0.1 28.3121 23.0212 30.9699
0.2 43.0013 40.2289 43.5153
0.4 58.2783 55.2355 58.9658
0.6 67.9573 63.2147 69.6673
1.0 81.9309 74.7254 86.0668


# NLO+LLR_y_2.0
R central min max
0.03 26.625 22.2578 30.1678
0.05 32.0671 27.6089 35.4926
0.1 40.4138 35.8482 43.5858
0.2 50.0474 45.3224 52.8914
0.4 61.4559 56.2953 64.1179
0.6 69.4248 63.6839 72.33
1.0 81.9309 74.7254 86.0668


# NLO+LLR_narrowband_y_2.0
R central min max
0.03 26.625 23.327 28.123
0.05 32.0671 29.0593 33.0505
0.1 40.4138 38.0053 40.7695
0.2 50.0474 48.2552 50.5042
0.4 61.4559 58.013 62.0548
0.6 69.4248 64.6329 71.0426
1.0 81.9309 74.7254 86.0668


# NLO+LLR_mB_y_2.0
R central min max
0.03 26.244 21.6259 30.0721
0.05 31.615 26.8213 35.4199
0.1 39.8506 34.8192 43.5712
0.2 49.3685 44.0475 52.9809
0.4 60.7445 54.9648 64.3192
0.6 68.8402 62.6145 72.5141
1.0 81.9309 74.7254 86.0668


# NLO+LLR_mB_narrowband_y_2.0
R central min max
0.03 26.244 23.3135 27.612
0.05 31.615 29.0426 32.462
0.1 39.8506 37.9797 40.3029
0.2 49.3685 47.409 49.9414
0.4 60.7445 57.0759 61.5539
0.6 68.8402 63.872 70.8255
1.0 81.9309 74.7254 86.0668


# NLO+LLR_R015_y_2.0
R central min max
0.03 24.6887 19.8379 28.7996
0.05 30.1265 25.0756 34.2575
0.1 38.4776 33.1456 42.6036
0.2 48.1298 42.4492 52.2669
0.4 59.5456 53.2685 63.9246
0.6 67.4778 60.5714 72.345
1.0 79.8014 71.4561 86.2012


# NLO+LLR_R015_mB_y_2.0
R central min max
0.03 23.7279 18.5677 28.3736
0.05 28.9633 23.4697 33.828
0.1 37.0012 31.0255 42.1932
0.2 46.3099 39.7815 51.9059
0.4 57.4759 50.2358 63.6375
0.6 65.4602 57.6495 72.0998
1.0 78.4543 69.5649 86.0213


# pseudo_NNLO_y_2.0
R central min max
0.03 6.96168 6.54761 9.34071
0.05 15.0773 14.321 17.0664
0.1 27.6424 26.7708 28.6396
0.2 41.986 40.9993 42.3449
0.4 58.1599 55.0375 59.0163
0.6 69.1533 64.3692 71.2109
1.0 86.0274 78.4617 90.3702


# NNLO_mult_y_2.0
R central min max
0.03 3.00364 2.47345 4.37123
0.05 10.7923 9.71108 12.5753
0.1 23.4278 21.1229 25.6281
0.2 38.3934 34.7579 41.0206
0.4 55.6198 50.581 58.7412
0.6 67.5204 61.5203 71.0481
1.0 86.0274 78.4617 90.3702


# NNLO_mult_narrowband_y_2.0
R central min max
0.03 3.00364 2.54111 4.14683
0.05 10.7923 10.4974 11.5979
0.1 23.4278 22.9513 23.9204
0.2 38.3934 36.5143 39.0588
0.4 55.6198 51.9073 57.18
0.6 67.5204 62.3792 70.0484
1.0 86.0274 78.4617 90.3702


# NNLO+LLR_multA_y_2.0
R central min max
0.03 20.0552 17.0154 22.6515
0.05 25.349 22.1392 27.9625
0.1 34.127 30.6291 36.7367
0.2 45.1641 41.1832 47.7729
0.4 59.0303 54.2014 61.8255
0.6 69.2524 63.541 72.4627
1.0 86.0274 78.4617 90.3702


# NNLO+LLR_multA_narrowband_y_2.0
R central min max
0.03 20.0552 16.983 21.7385
0.05 25.349 22.3724 26.6498
0.1 34.127 31.7406 34.6243
0.2 45.1641 43.6428 45.4423
0.4 59.0303 55.8637 59.6369
0.6 69.2524 64.488 71.188
1.0 86.0274 78.4617 90.3702


# NNLO+LLR_multB_y_2.0
R central min max
0.03 17.5181 14.9881 19.7194
0.05 22.6772 19.8364 25.0166
0.1 31.4617 28.1 33.9918
0.2 42.7971 38.652 45.5945
0.4 57.2716 52.0642 60.4591
0.6 68.0887 62.0345 71.6413
1.0 86.0274 78.4617 90.3702


# NNLO+LLR_multB_narrowband_y_2.0
R central min max
0.03 17.5181 16.3 18.1126
0.05 22.6772 21.7009 23.0625
0.1 31.4617 30.4416 31.9485
0.2 42.7971 40.5792 43.394
0.4 57.2716 53.4104 58.7938
0.6 68.0887 62.8928 70.6087
1.0 86.0274 78.4617 90.3702


# NNLO+LLR_combined_y_2.0
R central min max
0.03 20.0552 17.0154 22.6515
0.05 25.349 22.1392 27.9625
0.1 34.127 30.6291 36.7367
0.2 45.1641 41.1832 47.7729
0.4 59.0303 54.2014 61.8255
0.6 69.2524 63.541 72.4627
1.0 86.0274 78.4617 90.3702


# NNLO+LLR_R015_y_2.0
R central min max
0.03 20.2934 15.7503 23.5706
0.05 25.7011 20.7148 29.0987
0.1 34.5689 29.2427 38.1503
0.2 45.604 40.2558 49.3858
0.4 59.3732 53.4553 63.5052
0.6 69.4629 62.7041 74.0447
1.0 85.9415 77.4304 91.6439


# NNLO+LLR_R015_multB_y_2.0
R central min max
0.03 15.7505 13.0215 18.351
0.05 20.7161 17.5518 23.6852
0.1 29.2465 25.3273 32.8443
0.2 40.3596 35.3511 44.82
0.4 54.6576 48.2169 60.2546
0.6 65.4317 57.8924 71.9133
1.0 83.468 74.0497 91.4992


# NNLO+LLR_mexpB_y_2.0
R central min max
0.03 19.61 17.9898 20.3688
0.05 24.6871 23.3756 25.1245
0.1 33.1759 32.197 33.6503
0.2 44.0227 41.816 44.6146
0.4 57.9117 54.0383 59.3714
0.6 68.3661 63.1608 70.8619
1.0 86.0274 78.4617 90.3702


# LO_y_2.5
R central min max
0.03 35.77 27.483 47.5699
0.05 35.77 27.483 47.5699
0.1 35.77 27.483 47.5699
0.2 35.77 27.483 47.5699
0.4 35.77 27.483 47.5699
0.6 35.77 27.483 47.5699
1.0 35.77 27.483 47.5699


# NLO_y_2.5
R central min max
0.03 10.785 -3.76343 17.074
0.05 15.3199 2.99054 20.2184
0.1 21.448 12.117 24.4676
0.2 27.6508 21.3534 28.7801
0.4 34.0953 30.9512 34.4226
0.6 38.1652 36.0563 38.3766
1.0 44.1012 40.1735 46.0294


# NLO_mult_y_2.5
R central min max
0.03 3.01994 -1.92978 7.03816
0.05 8.61179 4.27242 12.1016
0.1 16.1682 12.509 18.9893
0.2 23.8167 20.5783 26.0579
0.4 31.7631 28.5648 33.6037
0.6 36.7814 33.387 38.5427
1.0 44.1012 40.1735 46.0294


# NLO_mult_narrowband_y_2.5
R central min max
0.03 3.01994 -2.00115 6.43209
0.05 8.61179 4.5129 11.1406
0.1 16.1682 13.3155 17.5035
0.2 23.8167 22.2238 24.1186
0.4 31.7631 30.0346 32.2135
0.6 36.7814 34.1603 37.5101
1.0 44.1012 40.1735 46.0294


# NLO+LLR_y_2.5
R central min max
0.03 14.6598 12.228 16.5964
0.05 17.646 15.1866 19.4861
0.1 22.1564 19.6637 23.8091
0.2 27.3121 24.7412 28.7306
0.4 33.3441 30.5356 34.5812
0.6 37.5179 34.3958 38.8255
1.0 44.1012 40.1735 46.0294


# NLO+LLR_narrowband_y_2.5
R central min max
0.03 14.6598 12.6797 15.5461
0.05 17.646 15.8192 18.2407
0.1 22.1564 20.6333 22.3813
0.2 27.3121 26.2487 27.6055
0.4 33.3441 31.4409 33.7381
0.6 37.5179 34.8942 38.1592
1.0 44.1012 40.1735 46.0294


# NLO+LLR_mB_y_2.5
R central min max
0.03 14.4674 11.8848 16.5594
0.05 17.4168 14.7571 19.4624
0.1 21.8695 19.0986 23.8204
0.2 26.9717 24.0514 28.8075
0.4 32.9913 29.8251 34.7353
0.6 37.2255 33.8209 38.9727
1.0 44.1012 40.1735 46.0294


# NLO+LLR_mB_narrowband_y_2.5
R central min max
0.03 14.4674 12.7171 15.2756
0.05 17.4168 15.8652 17.9267
0.1 21.8695 20.6932 22.1629
0.2 26.9717 25.8505 27.3466
0.4 32.9913 30.9459 33.4696
0.6 37.2255 34.4891 38.0819
1.0 44.1012 40.1735 46.0294


# NLO+LLR_R015_y_2.5
R central min max
0.03 13.558 10.839 15.8106
0.05 16.5676 13.7615 18.7916
0.1 21.1183 18.1861 23.2784
0.2 26.3189 23.2083 28.4211
0.4 32.3875 28.9537 34.5446
0.6 36.5609 32.7859 38.9433
1.0 43.0666 38.4969 46.2658


# NLO+LLR_R015_mB_y_2.5
R central min max
0.03 13.0772 10.1735 15.6335
0.05 15.9836 12.9149 18.6264
0.1 20.375 17.0629 23.1501
0.2 25.4123 21.8094 28.3602
0.4 31.3675 27.3828 34.5694
0.6 35.5699 31.2787 38.9933
1.0 42.4292 37.5559 46.2979


# pseudo_NNLO_y_2.5
R central min max
0.03 4.2062 3.7473 5.6356
0.05 9.15868 8.6876 10.1912
0.1 15.0999 14.1381 15.8359
0.2 22.894 22.1986 23.0957
0.4 31.5028 29.8249 31.8426
0.6 37.2464 34.6906 38.0357
1.0 46.3063 42.1822 48.3309


# NNLO_mult_y_2.5
R central min max
0.03 1.85722 1.39817 2.80013
0.05 6.89988 6.15905 7.91948
0.1 12.7407 11.329 14.0519
0.2 20.9591 18.905 22.3192
0.4 30.1596 27.3847 31.6746
0.6 36.3676 33.0902 38.0392
1.0 46.3063 42.1822 48.3309


# NNLO_mult_narrowband_y_2.5
R central min max
0.03 1.85722 1.42685 2.60705
0.05 6.89988 6.56379 7.42527
0.1 12.7407 12.4213 13.0411
0.2 20.9591 19.9748 21.3392
0.4 30.1596 28.1322 30.7792
0.6 36.3676 33.5993 37.4416
1.0 46.3063 42.1822 48.3309


# NNLO+LLR_multA_y_2.5
R central min max
0.03 10.9817 9.28903 12.4088
0.05 14.122 12.3229 15.5609
0.1 18.5283 16.7014 19.8462
0.2 24.5421 22.4433 25.7801
0.4 31.9536 29.3687 33.2047
0.6 37.307 34.2576 38.7087
1.0 46.3063 42.1822 48.3309


# NNLO+LLR_multA_narrowband_y_2.5
R central min max
0.03 10.9817 9.12196 11.9985
0.05 14.122 12.4151 14.877
0.1 18.5283 16.8266 18.9421
0.2 24.5421 23.4021 24.7025
0.4 31.9536 30.2457 32.276
0.6 37.307 34.7549 38.0451
1.0 46.3063 42.1822 48.3309


# NNLO+LLR_multB_y_2.5
R central min max
0.03 9.67684 8.21113 10.9067
0.05 12.8173 11.1936 14.091
0.1 17.124 15.2248 18.4913
0.2 23.3127 21.0105 24.7257
0.4 31.0409 28.1803 32.5801
0.6 36.6824 33.3762 38.3639
1.0 46.3063 42.1822 48.3309


# NNLO+LLR_multB_narrowband_y_2.5
R central min max
0.03 9.67684 8.86194 10.0755
0.05 12.8173 12.1718 13.1656
0.1 17.124 16.6194 17.4298
0.2 23.3127 22.1123 23.6996
0.4 31.0409 28.9243 31.6583
0.6 36.6824 33.8764 37.7624
1.0 46.3063 42.1822 48.3309


# NNLO+LLR_combined_y_2.5
R central min max
0.03 10.9817 9.28903 12.4088
0.05 14.122 12.3229 15.5609
0.1 18.5283 16.7014 19.8462
0.2 24.5421 22.4433 25.7801
0.4 31.9536 29.3687 33.2047
0.6 37.307 34.2576 38.7087
1.0 46.3063 42.1822 48.3309


# NNLO+LLR_R015_y_2.5
R central min max
0.03 11.0551 8.71863 12.8279
0.05 14.2374 11.7805 16.09
0.1 18.7556 15.9624 20.5466
0.2 24.7733 22.0236 26.6147
0.4 32.1417 28.9694 34.1049
0.6 37.4345 33.822 39.5719
1.0 46.2702 41.6456 49.0056


# NNLO+LLR_R015_multB_y_2.5
R central min max
0.03 8.7209 7.11689 10.189
0.05 11.7876 9.94227 13.4448
0.1 15.9674 13.7369 17.9302
0.2 22.0731 19.2686 24.43
0.4 29.7402 26.1738 32.6498
0.6 35.3712 31.2213 38.7153
1.0 45.0782 39.9124 49.1847


# NNLO+LLR_mexpB_y_2.5
R central min max
0.03 10.8221 9.80016 11.306
0.05 13.8264 13.0019 14.1375
0.1 18.1036 17.5177 18.4044
0.2 23.9946 22.7877 24.3796
0.4 31.396 29.2679 31.9899
0.6 36.8452 34.029 37.9169
1.0 46.3063 42.1822 48.3309


